300 0.555229 -0.0391246 0.516105
401 0.0391224 -0.555227 -0.516105
702 0.555229 -0.0391231 0.516105
803 0.0391227 -0.555228 -0.516105
1404 0.555221 -0.0391208 0.5161
1505 4.85202 -5.36812 -0.516097
1906 0.555236 -0.0391241 0.516112
2807 0.0391224 -0.555221 -0.516099
3008 0.555237 -0.0391244 0.516113
3509 0.0391257 -0.555225 -0.516099
3610 0.55522 -0.0391226 0.516097
3711 0.0391239 -0.555237 -0.516113
3812 0.555221 -0.0391221 0.516099
4113 0.0391216 -0.555226 -0.516104
4214 5.08051 -5.0805 1.72872e-06
4415 0.555229 -0.0391221 0.516106
4616 0.0391223 -0.555223 -0.5161
4817 0.555226 -0.0391217 0.516104
4918 0.0391227 -0.555235 -0.516112
5119 0.555221 -0.0391243 0.516096
5520 0.0391226 -0.555222 -0.516099
5621 0.555229 -0.0391245 0.516104
5722 0.0391231 -0.555228 -0.516105
5823 0.555231 -0.0391244 0.516106
5924 0.0391232 -0.555236 -0.516113
