65 0.555219 -0.0391227 0.516096
351 0.0391227 -0.555229 -0.516106
510 0.555228 -0.0391243 0.516104
667 0.0391228 -0.555223 -0.5161
824 0.555226 -0.0391211 0.516105
983 0.0391245 -0.55522 -0.516096
1383 0.555221 -0.0391235 0.516098
2215 0.039123 -0.555235 -0.516112
2487 0.555225 -0.0391208 0.516104
2776 0.0391235 -0.555236 -0.516112
3361 2.3167 -2.31671 -4.09544e-06
3639 0.555228 -0.039123 0.516105
3925 0.0391244 -0.555219 -0.516095
4329 0.555229 -0.0391232 0.516105
4612 0.039124 -0.555228 -0.516104
5372 2.3167 -2.3167 -1.8876e-06
5771 0.55522 -0.0391226 0.516097
5950 0.540802 -0.540802 5.31149e-07
6235 0.0391221 -0.555219 -0.516097
6389 0.555227 -0.0391227 0.516104
6549 0.0391234 -0.555227 -0.516104
7104 0.55522 -0.0391243 0.516096
7850 0.0391221 -0.555221 -0.516099
8131 0.555226 -0.0391223 0.516103
8460 0.0391236 -0.555218 -0.516095
8987 0.555222 -0.0391232 0.516099
9143 0.0391231 -0.55522 -0.516097
9669 0.555228 -0.0391245 0.516104
10283 0.0391223 -0.555225 -0.516103
10686 0.555228 -0.0391224 0.516106
10842 0.0391233 -0.555226 -0.516102
11124 0.555226 -0.0391224 0.516103
11437 0.0391235 -0.555219 -0.516096
11610 0.55523 -0.0391256 0.516104
12167 0.0391207 -0.555219 -0.516099
12323 0.55522 -0.0391235 0.516097
12476 0.0391242 -0.55522 -0.516096
12633 0.555235 -0.0391245 0.516111
12789 0.0391252 -0.555221 -0.516096
13203 0.555224 -0.0391248 0.516099
13519 0.0391224 -0.555228 -0.516105
13801 0.555222 -0.039126 0.516096
14116 0.0391228 -0.55523 -0.516108
14421 2.3167 -2.31671 -3.11166e-06
14706 0.55522 -0.0391226 0.516097
14977 0.0391214 -0.555227 -0.516106
15624 0.555227 -0.0391234 0.516104
15780 0.0391243 -0.555231 -0.516107
17334 5.09294 -5.09294 -9.50401e-07
17614 0.555234 -0.0391226 0.516111
18107 0.0391225 -0.555235 -0.516112
18265 0.555222 -0.0391256 0.516096
18587 0.0391215 -0.555228 -0.516107
19137 2.31671 -2.31671 1.68669e-07
19293 0.555223 -0.0391238 0.516099
19450 0.0391245 -0.55522 -0.516096
19606 0.555228 -0.0391232 0.516105
19777 0.540807 -0.540802 5.50241e-06
19937 0.0391242 -0.555221 -0.516096
20093 0.555236 -0.0391231 0.516113
20252 0.0391233 -0.555221 -0.516097
20437 0.555224 -0.0391208 0.516103
20602 0.0391238 -0.555229 -0.516105
20879 0.555227 -0.039123 0.516104
21036 0.0391224 -0.555228 -0.516105
21192 0.555228 -0.039123 0.516105
21349 0.0391233 -0.555226 -0.516103
21509 0.555228 -0.0391235 0.516104
21792 0.0391229 -0.55522 -0.516098
22561 0.555225 -0.039121 0.516104
22718 0.0391228 -0.555225 -0.516102
22879 0.555229 -0.0391236 0.516105
23282 0.0391228 -0.555223 -0.5161
23571 0.555222 -0.0391244 0.516097
23895 0.0391222 -0.555225 -0.516103
24052 0.555228 -0.0391243 0.516104
24209 0.0391226 -0.555227 -0.516105
24609 0.555236 -0.0391227 0.516113
24764 0.0391213 -0.555218 -0.516097
25169 0.555229 -0.0391229 0.516106
25473 0.0391224 -0.555229 -0.516106
25906 2.31671 -2.3167 2.77443e-06
26563 0.555225 -0.0391202 0.516105
26880 0.039125 -0.555223 -0.516098
27057 2.31671 -2.31671 -1.67512e-06
27482 0.555235 -0.0391227 0.516113
27638 0.0391223 -0.555221 -0.516099
28415 0.555239 -0.0391251 0.516114
29021 0.0391235 -0.555236 -0.516113
29181 0.55522 -0.0391251 0.516095
29478 0.0391242 -0.555222 -0.516098
29634 0.555221 -0.0391239 0.516097
29937 0.0391267 -0.555224 -0.516097
30093 0.555219 -0.0391223 0.516097
30247 0.0391215 -0.55522 -0.516099
30405 0.555222 -0.0391231 0.516099
30864 0.0391219 -0.555217 -0.516095
31798 0.555221 -0.0391231 0.516098
31954 0.0391235 -0.555226 -0.516102
32245 0.555228 -0.039123 0.516105
32403 0.0391211 -0.555233 -0.516112
