53 0.555322 -0.0391335 0.516189
206 0.0391347 -0.555352 -0.516217
481 0.555345 -0.0391354 0.51621
634 0.0391357 -0.555355 -0.516219
1158 0.555325 -0.0391351 0.516189
1430 0.0391365 -0.555347 -0.516211
3459 4.80124 -4.80118 6.03594e-05
4249 5.17408 -0.230303 4.94378
4417 0.554438 -5.49819 -4.94375
5185 0.555314 -0.0391353 0.516179
5528 0.0391337 -0.555345 -0.516211
5679 0.555349 -0.0391352 0.516214
5830 0.0391359 -0.55535 -0.516215
6204 5.01407 0.000749021 5.01481
6805 -0.000764779 -5.0141 -5.01486
7081 0.555324 -0.039137 0.516187
7780 0.0391354 -0.555346 -0.516211
7966 2.3167 -2.31671 -1.34299e-05
8598 0.555322 -0.0391321 0.51619
8877 0.039139 -0.555325 -0.516186
9576 0.555353 -0.0391368 0.516216
9731 0.0391336 -0.555324 -0.51619
9884 0.555321 -0.0391343 0.516187
10168 0.039134 -0.555343 -0.516209
10338 4.79448 -4.79445 2.92151e-05
10493 0.555347 -0.0391355 0.516211
10654 0.0391314 -0.555319 -0.516187
11063 0.555325 -0.0391352 0.51619
11221 0.0391336 -0.55535 -0.516217
11374 0.555346 -0.0391366 0.516209
11665 0.0391358 -0.555344 -0.516208
12400 0.555323 -0.0391312 0.516192
12566 0.540805 -0.540805 -5.52227e-07
12876 0.0391375 -0.555353 -0.516216
13270 0.555327 -0.0391369 0.51619
13424 0.0391358 -0.555326 -0.51619
13579 0.555351 -0.0391259 0.516225
13738 0.0391361 -0.555316 -0.516179
14411 0.555316 -0.0391383 0.516178
14587 4.99002 -0.0993298 4.89069
14951 0.0344752 -0.531589 -0.497114
15157 0.543996 -0.0335955 0.510401
15325 0.0868322 -4.99009 -4.90326
15640 0.0391311 -0.555344 -0.516213
16336 0.55533 -0.0391341 0.516196
16490 0.0391359 -0.555348 -0.516212
16887 0.555325 -0.0391286 0.516197
17162 0.0391353 -0.555328 -0.516192
17559 0.555319 -0.0391377 0.516182
17877 0.0391369 -0.555326 -0.516189
18148 0.555323 -0.039135 0.516188
18476 0.0391422 -0.555332 -0.51619
18762 0.555349 -0.0391352 0.516214
18918 0.0391334 -0.555323 -0.51619
19071 0.555352 -0.0391349 0.516217
19224 0.0391337 -0.555349 -0.516215
19761 0.555345 -0.0391347 0.51621
19914 0.0391347 -0.55534 -0.516206
20344 0.555314 -0.0391339 0.51618
20633 0.0391324 -0.555319 -0.516187
20803 2.3167 -2.3167 6.72722e-06
21149 5.00097 -0.0919863 4.90898
21408 0.319404 -5.22855 -4.90915
21811 0.555322 -0.0391311 0.516191
21965 0.0391324 -0.555339 -0.516207
22118 0.555351 -0.0391333 0.516218
22523 0.0391343 -0.55532 -0.516185
22797 0.555336 -0.0391345 0.516202
23071 0.0391334 -0.555347 -0.516213
23270 5.10728 -5.10726 2.17931e-05
23539 0.555343 -0.0391348 0.516208
23692 0.039133 -0.555331 -0.516198
24398 0.555324 -0.0391364 0.516188
24550 0.0391388 -0.555318 -0.516179
24860 4.32397 -4.32401 -4.15007e-05
25014 0.555319 -0.0391336 0.516185
25306 0.0391394 -0.555352 -0.516212
25584 0.555345 -0.0391324 0.516213
26019 0.039139 -0.555313 -0.516174
26555 0.555328 -0.0391279 0.5162
26709 0.0391318 -0.555341 -0.51621
27285 0.555348 -0.0391306 0.516218
27440 0.0391358 -0.555343 -0.516207
27761 0.555347 -0.0391346 0.516213
28257 0.0391339 -0.555346 -0.516212
28457 5.00211 -0.161268 4.84084
28791 0.161265 -5.00214 -4.84087
28949 0.555344 -0.039137 0.516207
29245 0.0391337 -0.555347 -0.516213
29529 0.555354 -0.0391349 0.516219
29682 0.0391313 -0.555317 -0.516186
29951 0.555345 -0.0391344 0.516211
30108 0.0391358 -0.555317 -0.516181
30954 2.3167 -2.3167 -3.00565e-06
31106 0.555346 -0.0391338 0.516213
31259 0.0391372 -0.555316 -0.516179
32242 2.3167 -2.3167 -6.51526e-08
32688 5.04441 -0.195424 4.84899
33081 2.2485 -2.24538 0.00312338
33550 0.540179 -0.0330218 0.507158
33845 0.294356 -0.182606 0.11175
34061 0.250854 -0.329957 -0.0791035
34363 0.0309149 -0.536755 -0.50584
34565 0.327046 -0.25087 0.0761756
34746 0.195712 -0.305961 -0.110249
34929 0.225835 -5.07791 -4.85207
35284 2.31669 -2.3167 -2.56795e-07
35454 0.555341 -0.0391363 0.516205
35626 0.0391315 -0.555325 -0.516193
35781 0.555328 -0.0391324 0.516196
35935 0.0391408 -0.555316 -0.516176
36704 0.555314 -0.0391362 0.516178
37141 0.0391366 -0.555318 -0.516181
37435 0.555341 -0.0391351 0.516206
37588 0.0391362 -0.55535 -0.516214
37998 0.555326 -0.0391338 0.516192
38150 0.0391363 -0.555352 -0.516215
38307 0.555347 -0.0391356 0.516211
38462 0.0391361 -0.555326 -0.51619
38615 0.555353 -0.0391327 0.51622
38781 0.0391319 -0.555319 -0.516188
39829 0.55533 -0.0391363 0.516193
39984 0.0391362 -0.555323 -0.516187
40531 0.555357 -0.0391391 0.516218
40683 0.039135 -0.555318 -0.516183
40964 0.555322 -0.0391366 0.516185
41558 0.540804 -0.540826 -2.20495e-05
41970 0.0391325 -0.555322 -0.516189
42246 0.555322 -0.0391372 0.516185
42574 0.0391317 -0.555345 -0.516213
42859 0.555324 -0.0391285 0.516196
43176 0.0391367 -0.555326 -0.516189
43328 0.555328 -0.0391374 0.516191
43645 0.0391355 -0.555317 -0.516181
43798 0.55535 -0.0391338 0.516216
44086 0.0391372 -0.555325 -0.516188
44489 0.555327 -0.0391348 0.516192
44780 0.039129 -0.555321 -0.516192
45216 0.55532 -0.0391323 0.516188
45369 0.0391418 -0.555318 -0.516176
45523 0.555319 -0.0391343 0.516185
45838 0.0391356 -0.555343 -0.516207
46017 2.31671 -2.31671 3.8112e-07
46299 0.555353 -0.0391365 0.516216
46476 0.0391321 -0.555321 -0.516189
47692 0.555316 -0.0391341 0.516182
47880 5.04381 -0.0843762 4.95944
48056 0.0320302 -0.530833 -0.498803
48236 0.530837 -0.0320282 0.498809
48642 0.0326373 -0.52817 -0.495533
48941 0.248528 -0.260263 -0.0117342
49114 0.518162 -0.0506234 0.467539
49286 0.0506354 -0.518163 -0.467527
49457 0.214608 -0.339225 -0.124617
49632 0.200798 -5.04459 -4.84379
50040 5.22874 -0.322077 4.90666
50221 0.500124 -0.0383221 0.461802
50398 0.117645 -4.97002 -4.85238
50751 0.0391361 -0.555318 -0.516182
51196 0.55532 -0.0391357 0.516185
51520 0.0391355 -0.555323 -0.516188
53238 2.3167 -2.31671 -1.12428e-05
53396 0.55535 -0.0391362 0.516214
53556 0.0391316 -0.555342 -0.516211
53833 0.555321 -0.0391405 0.516181
54892 0.540823 -0.540801 2.19845e-05
55044 0.0391326 -0.555351 -0.516218
55447 0.555325 -0.0391358 0.516189
56069 0.0391357 -0.55532 -0.516185
56240 4.97897 -0.102831 4.87613
56405 0.102837 -4.97897 -4.87614
56676 0.55532 -0.0391306 0.51619
56829 0.0391342 -0.555319 -0.516185
57218 0.555348 -0.0391345 0.516213
57372 0.0391312 -0.555348 -0.516217
58068 0.555331 -0.0391312 0.516199
58222 0.0391346 -0.555351 -0.516216
58557 0.555345 -0.039135 0.51621
58842 0.0391373 -0.555319 -0.516181
59002 0.555321 -0.0391358 0.516186
59160 0.0391308 -0.555346 -0.516215
59843 0.555351 -0.0391355 0.516215
60006 0.0391358 -0.555344 -0.516209
60181 0.55533 -0.039134 0.516196
60335 0.0391319 -0.555345 -0.516213
60615 0.55532 -0.0391348 0.516185
60933 0.0391333 -0.555346 -0.516213
61102 2.31671 -2.31672 -8.11284e-06
61636 2.31671 -2.3167 5.98295e-06
61791 0.555319 -0.039137 0.516182
61944 0.0391354 -0.555351 -0.516215
62870 2.31671 -2.3167 5.84715e-06
63185 2.3167 -2.31671 -8.04364e-06
63376 2.3167 -2.3167 -3.28841e-06
63816 0.555326 -0.0391362 0.516189
64139 0.540812 -0.540815 -2.94158e-06
64293 0.0391352 -0.555322 -0.516187
64698 0.555345 -0.039134 0.516211
64852 0.0391344 -0.55535 -0.516216
65009 0.555352 -0.0391375 0.516214
65162 0.0391383 -0.555325 -0.516187
65452 0.555322 -0.0391369 0.516185
65611 0.0391343 -0.555347 -0.516213
66008 0.55535 -0.0391364 0.516214
66161 0.0391323 -0.55532 -0.516187
66434 0.555323 -0.0391357 0.516187
66587 0.0391331 -0.555349 -0.516216
67313 0.555347 -0.0391337 0.516213
67638 0.0391316 -0.555317 -0.516185
68236 0.55535 -0.0391371 0.516212
68396 0.0391385 -0.555348 -0.51621
68697 0.555276 -0.0391376 0.516139
68979 0.0391356 -0.555345 -0.516209
69133 0.55532 -0.0391322 0.516188
69285 0.0391333 -0.555323 -0.51619
69732 4.81033 -4.81033 -4.59119e-06
70692 0.555352 -0.0391385 0.516213
71117 0.0391348 -0.555346 -0.516211
71389 0.55532 -0.0391363 0.516184
71558 0.540823 -0.540806 1.67201e-05
71894 0.0391336 -0.555351 -0.516217
72047 0.555346 -0.0391351 0.516211
72201 0.0391332 -0.555321 -0.516188
72596 0.555324 -0.0391336 0.51619
73245 0.0391356 -0.555326 -0.516191
73822 0.555351 -0.0391346 0.516217
74147 0.0391348 -0.555319 -0.516184
74665 0.555326 -0.0391387 0.516188
74848 0.540845 -0.540836 8.39919e-06
75002 0.0391374 -0.555349 -0.516212
75427 0.555327 -0.0391363 0.516191
75581 0.0391371 -0.555323 -0.516186
76101 0.555324 -0.0391326 0.516191
76397 0.0391333 -0.555326 -0.516193
76733 0.555351 -0.0391339 0.516217
76888 0.0391401 -0.555328 -0.516188
77045 0.555346 -0.0391363 0.51621
77198 0.0391356 -0.555267 -0.516131
77519 0.555346 -0.0391334 0.516213
77682 0.039137 -0.555331 -0.516194
77861 0.555318 -0.0391322 0.516186
78331 0.540813 -0.540824 -1.04636e-05
78485 0.0391367 -0.55533 -0.516193
78637 0.555321 -0.0391318 0.516189
78804 0.540797 -1.05702 -0.51622
78957 0.555318 -0.0391325 0.516185
79114 0.0391345 -0.555323 -0.516188
80719 0.555264 -0.0391308 0.516134
81086 5.03974 -0.00541385 5.03432
81312 0.00570686 -5.04091 -5.0352
81479 0.540827 -0.540805 2.23325e-05
81649 0.540823 -0.5408 2.31625e-05
81802 0.0391358 -0.555349 -0.516213
81954 0.555322 -0.0391373 0.516185
82276 0.0391353 -0.555355 -0.51622
82555 0.555321 -0.0391333 0.516188
82720 0.039135 -0.55535 -0.516215
82887 1.05697 -0.540811 0.51616
83041 0.0391334 -0.555341 -0.516207
83742 0.555327 -0.0391339 0.516193
84288 0.0391332 -0.555345 -0.516212
84559 0.555353 -0.0391352 0.516217
84724 0.0391311 -0.555343 -0.516212
84883 0.555319 -0.0391391 0.51618
85041 0.0391299 -0.55532 -0.51619
85225 2.3167 -2.3167 2.34116e-06
85500 0.555337 -0.0391358 0.516201
86130 0.0391371 -0.555324 -0.516187
86280 0.555352 -0.0391354 0.516217
86433 0.0391323 -0.555345 -0.516212
86608 2.3167 -2.31671 -9.1359e-06
86770 0.555324 -0.0391357 0.516188
86924 0.0391322 -0.555327 -0.516195
87079 0.555347 -0.0391363 0.516211
87272 0.540804 -0.540808 -4.1671e-06
87565 0.0391365 -0.555354 -0.516218
87745 5.13165 -0.0187873 5.11287
87927 0.0195073 -5.13229 -5.11279
88230 5.15643 -0.0276305 5.1288
88422 0.0276338 -5.15643 -5.1288
88700 0.555327 -0.0391348 0.516192
88989 0.0391352 -0.555343 -0.516208
90002 0.555355 -0.039137 0.516218
90635 0.0391324 -0.555343 -0.516211
91346 0.555353 -0.0391349 0.516218
91499 0.0391364 -0.55535 -0.516214
92419 5.03845 -0.141685 4.89677
92603 0.260637 -0.245869 0.0147688
92793 0.253363 -0.246448 0.00691533
93081 0.536546 -0.0282137 0.508333
93270 0.230809 -0.25482 -0.0240102
93444 0.0403862 -0.542049 -0.501663
93819 0.249543 -0.2539 -0.00435658
93991 0.399971 -5.29671 -4.89674
94973 5.11479 -0.199928 4.91486
95562 0.140367 -5.05516 -4.91479
95720 0.55534 -0.0391333 0.516206
95885 0.0391374 -0.555323 -0.516186
96422 0.555336 -0.0391305 0.516205
96897 0.039133 -0.55535 -0.516217
97220 0.555343 -0.0391325 0.516211
97495 0.0391362 -0.555354 -0.516217
97648 0.555347 -0.0391347 0.516212
97944 0.0391343 -0.555328 -0.516194
98096 0.555325 -0.039138 0.516187
98251 0.0391348 -0.555349 -0.516214
98413 0.555329 -0.0391403 0.516189
98567 0.0391362 -0.555319 -0.516183
98782 5.00532 -5.0053 1.95121e-05
98973 5.29515 -5.29519 -4.00099e-05
99152 2.3167 -2.3167 -1.58488e-06
99312 0.555342 -0.0391375 0.516204
99598 0.0391366 -0.555351 -0.516214
99751 0.55532 -0.0391338 0.516186
99904 0.03914 -0.555335 -0.516195
100220 2.3167 -2.31669 1.01669e-05
100383 0.555319 -0.0391368 0.516182
100536 0.0391352 -0.555328 -0.516193
101192 0.55535 -0.0391336 0.516217
101370 0.03914 -0.555325 -0.516185
101675 0.555323 -0.0391359 0.516187
101829 0.0391314 -0.55535 -0.516218
102044 4.9434 -0.0801035 4.8633
102390 0.490336 -0.0280187 0.462318
102634 0.0681994 -0.468374 -0.400175
102834 0.441938 -0.00970861 0.43223
103021 -0.00558973 0.00559112 1.3928e-06
103638 0.0605239 -0.340844 -0.28032
103830 0.372968 -0.0665324 0.306436
104698 0.0145594 -0.48384 -0.46928
104880 0.0241196 -4.93864 -4.91452
105375 0.555349 -0.0391391 0.51621
105529 0.0391353 -0.555349 -0.516213
105805 0.555332 -0.0391413 0.516191
106112 0.0391356 -0.555352 -0.516216
106563 0.555343 -0.0391325 0.51621
106720 0.0391355 -0.555319 -0.516184
107170 5.1283 -5.12835 -5.07026e-05
107393 5.01409 0.000757024 5.01485
107808 -0.000768151 -5.01408 -5.01485
107963 0.55535 -0.0391308 0.516219
108413 0.0391354 -0.55532 -0.516185
108570 0.555319 -0.0391356 0.516183
108723 0.0391345 -0.555323 -0.516189
109194 1.0569 -0.540843 0.516054
109348 0.0391353 -0.555323 -0.516187
109804 0.55532 -0.0391411 0.516179
109957 0.0391332 -0.555348 -0.516215
110240 0.555334 -0.0391393 0.516195
110393 0.0391385 -0.555346 -0.516207
110698 4.5006 -4.50066 -5.78736e-05
110852 0.555325 -0.039134 0.516191
111005 0.0391312 -0.555338 -0.516207
111160 0.555345 -0.0391312 0.516213
111566 0.0391343 -0.555347 -0.516212
111850 0.555344 -0.0391324 0.516211
112004 0.0391344 -0.555323 -0.516188
112787 0.555351 -0.0391347 0.516216
112944 0.0391387 -0.555323 -0.516185
113099 0.555324 -0.0391357 0.516188
113497 0.0391341 -0.555347 -0.516212
114290 5.03587 -0.0721028 4.96376
114622 0.730268 -5.69404 -4.96378
115326 0.555319 -0.0391356 0.516184
115494 0.039136 -0.555326 -0.51619
115776 0.555345 -0.0391351 0.51621
115930 0.0391348 -0.555321 -0.516186
116271 5.05601 -0.200042 4.85597
116492 0.132464 -4.98844 -4.85598
118455 4.97712 -0.0890596 4.88806
118795 0.321904 -0.313201 0.00870304
118975 0.288218 -0.253266 0.0349522
119348 0.221383 -0.223009 -0.00162596
119581 0.276421 0.00409634 0.280517
119823 -0.00409654 -0.27643 -0.280527
120026 0.285686 -0.261108 0.0245789
120216 0.260993 -0.279701 -0.0187083
120500 0.281802 -5.21773 -4.93592
121308 0.555343 -0.039135 0.516208
121581 0.0391357 -0.555344 -0.516208
121733 0.555323 -0.0391364 0.516187
121898 0.0391383 -0.555327 -0.516189
122058 0.555346 -0.0391348 0.516211
122350 0.0391341 -0.555341 -0.516207
122822 0.555347 -0.0391371 0.51621
123244 0.0391415 -0.555317 -0.516175
123792 0.555323 -0.039137 0.516186
124194 0.0391367 -0.555323 -0.516186
124515 5.04097 -0.145278 4.89569
124684 0.398303 -5.29399 -4.89569
125338 0.555351 -0.0391357 0.516216
125882 0.540791 -0.540803 -1.17644e-05
126037 0.0391338 -0.555348 -0.516214
126680 0.555322 -0.0391353 0.516186
126850 4.78059 -4.7806 -5.99094e-06
127008 0.039135 -0.55535 -0.516215
127507 0.555325 -0.0391397 0.516185
127665 0.0391339 -0.555339 -0.516206
127934 0.555342 -0.0391317 0.51621
128083 0.0391318 -0.555324 -0.516192
128598 0.555317 -0.0391397 0.516177
128756 0.0391348 -0.555344 -0.516209
130034 0.555359 -0.0391355 0.516223
130740 0.0391321 -0.555342 -0.51621
131252 0.555324 -0.0391344 0.51619
131539 0.0391359 -0.55532 -0.516184
131694 0.555322 -0.0391346 0.516187
131995 0.0391345 -0.555324 -0.516189
132332 5.12829 -5.12836 -7.186e-05
132775 2.31669 -2.31671 -1.4253e-05
132957 5.13167 -0.020381 5.11129
133138 0.0270831 -5.13832 -5.11123
133549 0.55533 -0.0391374 0.516193
133705 0.0391349 -0.55533 -0.516195
134102 0.555327 -0.0391351 0.516192
134260 0.0391366 -0.555277 -0.516141
134544 4.84907 -4.84901 5.39741e-05
135071 0.555316 -0.039136 0.51618
135387 0.0391327 -0.555343 -0.51621
135674 0.555347 -0.0391345 0.516212
136309 0.0391315 -0.555347 -0.516216
136465 0.555356 -0.0391376 0.516218
136620 0.039137 -0.55533 -0.516193
136773 0.555352 -0.039135 0.516217
136927 0.0391364 -0.555339 -0.516202
137835 0.555323 -0.0391397 0.516183
138280 0.0391338 -0.555327 -0.516193
138680 0.555324 -0.0391319 0.516192
138999 0.0391354 -0.555325 -0.51619
139155 0.555326 -0.0391362 0.51619
139481 0.0391336 -0.555352 -0.516219
139647 0.555345 -0.0391336 0.516212
139813 0.540819 -0.540805 1.44352e-05
139969 0.0391335 -0.555331 -0.516197
140932 0.555321 -0.0391394 0.516182
141088 0.0391353 -0.55533 -0.516194
141243 0.555322 -0.0391337 0.516188
141400 0.0391343 -0.555327 -0.516193
142231 0.555325 -0.039135 0.51619
142394 0.0391359 -0.555337 -0.516201
142751 2.31669 -2.31671 -1.41107e-05
142904 0.55535 -0.0391351 0.516215
143358 0.0391387 -0.555321 -0.516182
143814 5.04163 -0.134924 4.90671
144398 0.134919 -5.04161 -4.90669
144677 0.555344 -0.0391354 0.516209
144954 0.0391366 -0.555321 -0.516184
145401 4.77539 -0.0952659 4.68012
145695 0.0952869 -4.77535 -4.68007
146169 0.55533 -0.0391374 0.516193
146321 0.0391324 -0.555324 -0.516191
146731 2.3167 -2.31671 -5.23539e-06
147162 0.555346 -0.039132 0.516214
147316 0.0391296 -0.555351 -0.516222
147470 0.555322 -0.0391344 0.516188
147782 0.0391346 -0.555324 -0.516189
147936 0.555274 -0.0391405 0.516134
148370 0.540808 -0.540828 -2.0068e-05
148529 0.0391356 -0.555318 -0.516183
149008 0.555348 -0.039133 0.516215
149175 0.540828 -0.540796 3.15347e-05
149332 0.0391395 -0.555325 -0.516185
149608 0.555317 -0.0391352 0.516182
149760 0.0391332 -0.55535 -0.516217
150576 2.3167 -2.31671 -1.52288e-05
150858 0.555322 -0.0391377 0.516184
151030 0.039135 -0.555319 -0.516184
151906 0.555323 -0.0391384 0.516185
152060 0.0391344 -0.555349 -0.516214
152361 2.3167 -2.31671 -9.56041e-06
152632 0.555346 -0.0391346 0.516212
152785 0.039133 -0.555323 -0.51619
153182 0.555319 -0.039138 0.516181
153339 0.0391344 -0.555348 -0.516214
153855 0.555323 -0.0391378 0.516186
154011 0.0391387 -0.555324 -0.516186
154177 1.05697 -0.540843 0.516124
154337 0.0391329 -0.555355 -0.516222
154491 0.555319 -0.0391329 0.516186
154931 0.0391331 -0.55532 -0.516187
155086 0.555336 -0.039136 0.516199
155529 0.0391374 -0.55533 -0.516193
155704 0.555321 -0.0391369 0.516184
156012 0.0391386 -0.555317 -0.516179
156290 0.555348 -0.0391333 0.516215
156451 0.0391433 -0.555327 -0.516184
156608 0.555356 -0.0391335 0.516222
156935 0.540816 -0.540797 1.97801e-05
157092 0.0391403 -0.555326 -0.516186
157260 0.555318 -0.0391364 0.516182
157414 0.0391365 -0.55532 -0.516183
157806 0.555348 -0.0391369 0.516211
157963 0.0391336 -0.555349 -0.516216
158116 0.555322 -0.0391349 0.516187
158276 0.0391355 -0.555342 -0.516207
158858 0.555331 -0.0391388 0.516192
159010 0.0391322 -0.555354 -0.516222
159184 4.74063 -0.00870165 4.73193
159368 0.00870606 -4.74065 -4.73195
159527 0.55535 -0.0391336 0.516217
159689 0.0391337 -0.555341 -0.516207
159844 0.555339 -0.0391337 0.516205
160026 4.908 -0.02878 4.87922
160560 0.102533 -0.438305 -0.335773
160970 -0.00487225 -5.0547 -5.05958
161131 0.555357 -0.0391369 0.51622
161402 0.0391397 -0.555326 -0.516187
161598 5.13369 -0.199399 4.93429
161774 0.151788 -0.200021 -0.048233
161951 0.0998954 -4.98594 -4.88604
162109 0.555354 -0.0391342 0.51622
162264 0.0391328 -0.555346 -0.516213
162554 0.555325 -0.0391356 0.516189
162874 0.039134 -0.555344 -0.51621
163144 0.555326 -0.039135 0.516191
163457 0.0391324 -0.555342 -0.51621
163850 0.555344 -0.0391338 0.516211
164004 0.0391361 -0.555319 -0.516182
164308 2.31672 -2.3167 1.61923e-05
164580 0.555349 -0.0391337 0.516215
164735 0.0391377 -0.555326 -0.516189
165515 0.555343 -0.0391342 0.516209
165668 0.0391274 -0.55534 -0.516213
166124 0.555341 -0.0391312 0.51621
166281 0.0391356 -0.555322 -0.516186
166599 0.555326 -0.039132 0.516194
166916 0.0391357 -0.555323 -0.516187
167204 0.555322 -0.039137 0.516185
167359 0.0391331 -0.555319 -0.516185
167587 2.3167 -2.31671 -1.34731e-05
167863 0.555324 -0.0391339 0.51619
168015 0.0391405 -0.555335 -0.516194
168198 5.21756 -5.21755 9.18183e-06
169447 0.555325 -0.0391359 0.516189
169600 0.0391352 -0.555345 -0.51621
169754 0.55535 -0.0391325 0.516218
170089 0.0391351 -0.555347 -0.516212
170361 0.555345 -0.039132 0.516213
170850 0.0391388 -0.555322 -0.516183
171484 0.555348 -0.0391337 0.516214
172137 0.0391346 -0.555321 -0.516186
172828 5.04691 -0.0841951 4.96271
173243 0.0841868 -5.0469 -4.96271
173530 2.3167 -2.31671 -7.63716e-06
174136 0.55535 -0.0391366 0.516213
174288 0.0391339 -0.555322 -0.516188
174440 0.555348 -0.0391343 0.516213
174603 0.0391292 -0.555345 -0.516216
174930 0.555328 -0.0391363 0.516191
175082 0.0391356 -0.555322 -0.516186
175475 0.555343 -0.0391356 0.516208
175640 0.0391356 -0.555361 -0.516225
175959 0.555267 -0.0391335 0.516133
176114 0.039134 -0.55533 -0.516196
176267 0.555329 -0.0391347 0.516194
176421 0.0391326 -0.555327 -0.516194
176577 0.555351 -0.0391328 0.516218
176729 0.0391353 -0.555348 -0.516213
176882 0.555321 -0.0391342 0.516187
177191 0.0391332 -0.555326 -0.516193
177871 0.555319 -0.0391346 0.516184
178179 0.0391303 -0.555341 -0.51621
178389 4.98441 -0.129142 4.85527
178740 0.149472 -5.00474 -4.85527
178897 0.555343 -0.0391371 0.516206
179368 0.0391373 -0.555353 -0.516215
179549 4.32401 -4.32398 3.06417e-05
179702 0.55533 -0.0391343 0.516195
179981 0.0391319 -0.555337 -0.516205
180155 2.31671 -2.31671 4.863e-06
180308 0.555328 -0.0391324 0.516196
180461 0.0391362 -0.555318 -0.516182
180729 0.555319 -0.0391334 0.516186
181303 0.540808 -0.540812 -4.34966e-06
181746 0.0391361 -0.555328 -0.516192
182219 0.555322 -0.0391398 0.516182
182502 0.0391365 -0.555353 -0.516217
182789 0.555325 -0.0391375 0.516187
182958 0.0391353 -0.555327 -0.516192
183929 2.31671 -2.31671 3.80088e-06
184082 0.555348 -0.0391347 0.516213
184235 0.0391333 -0.555323 -0.51619
184741 2.31669 -2.31669 -7.23691e-07
185017 0.555321 -0.0391345 0.516187
185171 0.0391351 -0.555347 -0.516211
185444 0.555352 -0.0391332 0.516219
185740 0.0391334 -0.555322 -0.516188
185891 0.555323 -0.0391285 0.516194
186206 0.039135 -0.555347 -0.516212
186360 0.555346 -0.0391327 0.516214
186640 0.0391374 -0.555343 -0.516205
186797 0.55532 -0.0391367 0.516184
187103 0.0391347 -0.555347 -0.516213
187260 0.555351 -0.0391327 0.516218
187415 0.0391351 -0.555322 -0.516187
187694 0.555275 -0.0391354 0.51614
187850 0.0391306 -0.555348 -0.516217
188003 0.555346 -0.0391318 0.516214
188157 0.0391324 -0.555349 -0.516216
188443 0.555347 -0.0391335 0.516213
188597 0.0391362 -0.555325 -0.516188
189038 0.555325 -0.0391341 0.516191
189314 0.0391406 -0.555328 -0.516187
189590 0.555318 -0.0391313 0.516186
189745 0.0391351 -0.555356 -0.516221
189908 0.555324 -0.0391357 0.516188
190064 0.0391375 -0.555328 -0.51619
190733 0.555341 -0.0391349 0.516206
190886 0.0391347 -0.555328 -0.516194
191038 0.555313 -0.0391321 0.516181
191191 0.0391354 -0.555323 -0.516188
191345 0.555321 -0.0391403 0.51618
191619 0.0391335 -0.555322 -0.516189
191788 2.3167 -2.31671 -1.0379e-05
191948 0.555329 -0.0391337 0.516195
192271 0.0391324 -0.555325 -0.516193
192603 0.555323 -0.0391414 0.516182
192754 0.0391355 -0.55535 -0.516214
192908 0.555339 -0.0391358 0.516203
193070 0.0391377 -0.555335 -0.516198
193343 0.555319 -0.0391375 0.516181
193502 0.0391371 -0.555349 -0.516212
193902 0.555325 -0.0391355 0.51619
194059 0.0391349 -0.555325 -0.51619
194213 0.555345 -0.0391327 0.516213
194367 0.0391369 -0.555319 -0.516182
194948 5.10246 -0.164216 4.93824
195305 0.547703 -0.0425575 0.505145
195736 0.0425521 -0.547703 -0.505151
195922 0.284892 -0.249577 0.035315
196113 0.212054 -0.268125 -0.0560709
196284 0.420711 -0.0326914 0.388019
196625 0.0108456 -0.468544 -0.457698
196841 0.196078 -5.04385 -4.84777
197291 0.555349 -0.0391317 0.516217
197446 0.0391327 -0.555318 -0.516186
197720 0.555322 -0.0391342 0.516188
197873 0.0391374 -0.555333 -0.516196
198162 0.55532 -0.0391331 0.516187
198755 0.0391286 -0.555353 -0.516224
198908 0.555326 -0.0391383 0.516188
199231 0.0391349 -0.555322 -0.516187
199388 0.555325 -0.0391355 0.516189
199540 0.0391339 -0.555324 -0.51619
199693 0.555317 -0.0391339 0.516184
199847 0.0391368 -0.555339 -0.516202
200000 0.555323 -0.0391329 0.51619
200153 0.0391257 -0.555331 -0.516205
200425 0.555322 -0.0391359 0.516186
200586 0.0391353 -0.555345 -0.516209
200764 4.98139 -0.0740009 4.90739
200940 0.0740103 -4.98141 -4.9074
201126 2.3167 -2.3167 -1.3726e-06
201562 0.555319 -0.0391323 0.516187
201874 0.0391341 -0.555338 -0.516203
202503 0.555352 -0.0391354 0.516216
202657 0.0391356 -0.555351 -0.516216
203114 2.31671 -2.31671 -8.18903e-07
203424 4.9181 -4.91805 5.24492e-05
203705 0.555322 -0.039136 0.516186
203858 0.0391334 -0.555348 -0.516214
204015 0.555319 -0.0391381 0.516181
204303 0.0391359 -0.555349 -0.516213
204460 0.555343 -0.0391315 0.516211
205036 0.039133 -0.555322 -0.516189
205188 0.555322 -0.0391333 0.516189
205343 0.0391359 -0.555321 -0.516185
205637 0.555355 -0.0391326 0.516222
205950 0.0391337 -0.55535 -0.516217
206103 0.555318 -0.0391347 0.516183
206260 0.0391382 -0.555327 -0.516189
206673 0.555347 -0.0391329 0.516214
206827 0.039135 -0.555327 -0.516192
206982 0.555345 -0.0391342 0.516211
207157 0.540831 -0.540807 2.41703e-05
207468 0.0391312 -0.555348 -0.516217
207634 0.555317 -0.0391401 0.516177
207791 0.0391349 -0.555319 -0.516184
208072 0.555325 -0.0391361 0.516189
208231 0.0391336 -0.555325 -0.516191
208384 0.55532 -0.0391396 0.51618
208537 0.0391325 -0.555347 -0.516214
208712 1.05687 -0.540843 0.516025
208875 0.039135 -0.555271 -0.516136
209029 0.555316 -0.0391362 0.516179
209194 0.0391421 -0.555318 -0.516176
209499 0.555346 -0.0391371 0.516209
209656 0.0391348 -0.555346 -0.516211
209955 0.555328 -0.039133 0.516195
210109 0.0391354 -0.555341 -0.516205
210379 0.555354 -0.0391374 0.516216
210535 0.0391362 -0.555349 -0.516213
210929 0.555327 -0.0391376 0.51619
211084 0.0391351 -0.555355 -0.51622
211943 2.3167 -2.3167 6.78799e-06
212351 0.555343 -0.0391321 0.516211
212524 0.0391349 -0.555347 -0.516212
212946 0.555344 -0.0391348 0.516209
213109 0.540826 -0.540805 2.06288e-05
213264 0.0391315 -0.55535 -0.516218
213557 0.555345 -0.0391328 0.516212
213711 0.0391371 -0.555323 -0.516185
214243 0.555323 -0.0391373 0.516186
214397 0.0391389 -0.555323 -0.516184
214899 0.555352 -0.0391363 0.516216
215223 0.540808 -0.54082 -1.22258e-05
215502 0.0391423 -0.555324 -0.516181
215662 0.555317 -0.0391388 0.516179
215816 0.0391329 -0.555347 -0.516214
216338 0.555326 -0.0391401 0.516186
216689 0.0391339 -0.555352 -0.516219
216842 0.555322 -0.0391352 0.516186
217516 0.0391341 -0.55532 -0.516186
217672 0.555349 -0.0391365 0.516212
217825 0.0391394 -0.555345 -0.516205
218118 0.55533 -0.0391338 0.516196
218271 0.0391371 -0.555345 -0.516208
218509 5.47551 -5.47554 -3.21408e-05
219837 0.555315 -0.0391328 0.516182
219991 0.0391359 -0.555342 -0.516207
220170 2.3167 -2.3167 1.43685e-06
220346 2.31671 -2.31671 2.77994e-06
220501 0.555343 -0.0391312 0.516212
220663 0.039135 -0.55532 -0.516185
221175 0.55532 -0.0391352 0.516185
221482 0.540801 -0.540829 -2.81338e-05
221757 0.0391342 -0.555351 -0.516217
223484 4.81238 -0.00455066 4.80783
223680 0.538891 -0.0338551 0.505036
224050 0.0338542 -0.538875 -0.50502
224226 0.521889 -0.022634 0.499255
224406 0.0226494 -0.521854 -0.499204
224813 0.00452197 -4.81235 -4.80782
225751 0.555325 -0.039138 0.516187
226035 0.0391353 -0.555326 -0.51619
226320 0.555323 -0.0391347 0.516188
226474 0.0391345 -0.555342 -0.516207
226789 0.55535 -0.0391361 0.516214
227119 0.0391373 -0.555323 -0.516185
227272 0.555345 -0.039136 0.516209
227425 0.0391328 -0.55535 -0.516217
227580 0.555343 -0.0391352 0.516208
227733 0.0391361 -0.555352 -0.516216
227886 0.555328 -0.039135 0.516193
228039 0.0391302 -0.555349 -0.516219
228192 0.555325 -0.0391355 0.516189
228345 0.039134 -0.555327 -0.516193
229197 4.9506 -4.95054 6.22476e-05
229378 2.31669 -2.3167 -6.79746e-06
229678 0.555345 -0.0391342 0.516211
229841 0.0391348 -0.555321 -0.516186
230114 0.555321 -0.0391327 0.516188
230462 0.0391366 -0.555321 -0.516185
230755 0.555326 -0.039134 0.516192
230909 0.0391386 -0.555334 -0.516195
231179 0.555347 -0.0391356 0.516211
231332 0.0391341 -0.555345 -0.516211
231847 0.555349 -0.0391325 0.516216
232003 0.039134 -0.555347 -0.516213
232343 0.555326 -0.0391354 0.516191
232511 0.540804 -0.540807 -3.08221e-06
232665 0.0391343 -0.555354 -0.51622
232826 0.555349 -0.039134 0.516215
233142 0.0391346 -0.555347 -0.516212
233534 0.555325 -0.0391341 0.516191
233689 0.0391371 -0.555319 -0.516182
234019 5.0936 -5.09364 -4.11854e-05
234197 2.3167 -2.3167 -3.14105e-06
234613 0.555341 -0.0391353 0.516206
234769 0.0391296 -0.555348 -0.516219
234927 0.555324 -0.0391392 0.516185
235080 0.0391352 -0.555323 -0.516188
235234 0.55532 -0.0391337 0.516187
235389 0.0391365 -0.555331 -0.516195
235949 0.555325 -0.0391381 0.516187
236444 0.0391321 -0.555321 -0.516189
236600 0.555319 -0.0391337 0.516185
236753 0.0391338 -0.555323 -0.516189
236910 0.555321 -0.0391353 0.516186
237242 0.0391309 -0.555342 -0.516211
237398 0.555321 -0.0391333 0.516188
237551 0.0391347 -0.555316 -0.516182
238168 0.55532 -0.0391329 0.516187
238331 0.0391394 -0.555327 -0.516187
238486 0.555332 -0.0391361 0.516196
238639 0.0391326 -0.555347 -0.516214
238792 0.555322 -0.0391352 0.516186
238946 0.0391368 -0.555319 -0.516182
239222 0.555321 -0.0391342 0.516187
239395 0.540845 -0.540801 4.34024e-05
239672 0.0391339 -0.555339 -0.516205
239981 0.555324 -0.0391346 0.516189
240135 0.0391309 -0.555346 -0.516215
240945 5.07706 -5.07704 1.5519e-05
241098 0.555344 -0.0391273 0.516217
241407 0.0391336 -0.555348 -0.516214
241562 0.555325 -0.0391345 0.516191
241873 0.0391358 -0.555344 -0.516208
242432 0.55535 -0.0391328 0.516218
242591 0.0391359 -0.555348 -0.516212
242798 5.08993 0.00211581 5.09204
243743 -0.00210833 -5.08989 -5.092
244015 0.555321 -0.0391334 0.516188
244169 0.0391355 -0.55535 -0.516215
244322 0.555319 -0.0391349 0.516184
244483 0.0391361 -0.555321 -0.516185
244756 0.555321 -0.0391331 0.516188
244910 0.0391402 -0.555322 -0.516182
245192 0.555324 -0.0391348 0.516189
246005 0.0391338 -0.555354 -0.516221
246159 0.555323 -0.0391339 0.516189
246311 0.0391376 -0.555321 -0.516183
246797 5.23405 -0.326603 4.90745
246968 0.0740049 -4.98142 -4.90741
247122 0.555336 -0.0391351 0.516201
247288 0.0391357 -0.555334 -0.516199
248012 0.555326 -0.0391341 0.516192
248166 0.0391325 -0.555346 -0.516214
248323 0.555344 -0.0391283 0.516216
248476 0.0391371 -0.555326 -0.516189
248628 0.555322 -0.0391325 0.51619
248781 0.0391347 -0.555325 -0.51619
249178 0.555323 -0.039135 0.516188
249334 0.0391332 -0.55532 -0.516187
249488 0.555316 -0.039134 0.516182
249647 0.0391348 -0.555324 -0.516189
250375 0.555331 -0.0391347 0.516196
250804 0.0391323 -0.55535 -0.516218
250958 0.55532 -0.0391328 0.516187
251303 0.0391367 -0.555322 -0.516186
251590 0.555349 -0.0391344 0.516214
251746 0.0391348 -0.555323 -0.516188
251906 0.555345 -0.039137 0.516208
252059 0.0391347 -0.55532 -0.516185
252212 0.55535 -0.0391347 0.516215
252506 0.0391328 -0.555353 -0.51622
252914 0.555352 -0.0391308 0.516221
253082 0.0391358 -0.555341 -0.516205
253357 0.555335 -0.0391374 0.516198
253826 0.0391275 -0.555345 -0.516218
254119 2.31671 -2.31671 7.00774e-06
254400 0.55535 -0.0391325 0.516217
254558 0.0391374 -0.555324 -0.516187
254757 5.00137 -0.102337 4.89903
254965 0.0976071 -4.99666 -4.89905
255421 0.55532 -0.0391326 0.516188
255691 0.039135 -0.555344 -0.516209
255880 5.04931 -5.04928 2.21537e-05
256542 5.47306 -0.054571 5.41849
256749 0.483256 -0.0382213 0.445034
257304 0.0101395 -0.393705 -0.383565
257491 0.0293608 -0.563442 -0.534081
257681 0.536628 -0.0474975 0.48913
258404 0.0474971 -0.536623 -0.489126
258745 0.471772 0.0008052 0.472578
258930 -0.000818955 -0.471805 -0.472624
259108 0.26114 -0.264183 -0.00304269
259413 0.199494 -5.1424 -4.9429
259813 0.555352 -0.0391383 0.516214
259968 0.0391357 -0.555349 -0.516213
260124 0.555345 -0.0391352 0.51621
260277 0.0391356 -0.555325 -0.516189
260546 0.555316 -0.039134 0.516182
260700 0.0391314 -0.555354 -0.516222
262833 0.55535 -0.039136 0.516214
262988 0.0391349 -0.555323 -0.516189
263501 5.02 -0.185743 4.83426
263687 0.126859 -4.96112 -4.83426
264785 0.555328 -0.0391346 0.516193
265424 0.0391333 -0.555353 -0.51622
265704 0.555321 -0.0391343 0.516186
265982 0.0391354 -0.55535 -0.516215
266267 0.555348 -0.0391356 0.516213
266422 0.0391349 -0.555317 -0.516182
266958 0.555326 -0.0391373 0.516188
267112 0.0391388 -0.555328 -0.516189
267512 0.555349 -0.0391338 0.516216
268180 0.0391358 -0.555333 -0.516197
268455 0.55532 -0.0391345 0.516186
268615 0.0391352 -0.555351 -0.516216
268897 0.55532 -0.0391357 0.516184
269053 0.0391372 -0.555356 -0.516218
269321 0.555322 -0.0391407 0.516181
269474 0.0391369 -0.555334 -0.516197
269752 0.555323 -0.0391347 0.516188
270067 0.0391306 -0.555343 -0.516212
270244 2.31669 -2.3167 -9.60394e-06
270395 0.555325 -0.0391326 0.516193
270548 0.0391358 -0.555322 -0.516186
270728 2.31671 -2.3167 1.51145e-05
271199 0.555318 -0.0391344 0.516184
271353 0.0391333 -0.555345 -0.516212
271506 0.55534 -0.0391341 0.516206
271659 0.0391305 -0.555349 -0.516218
271814 0.555324 -0.0391326 0.516191
271968 0.0391316 -0.555324 -0.516193
272238 0.555324 -0.0391379 0.516186
272392 0.0391323 -0.555345 -0.516212
272664 0.555346 -0.0391346 0.516211
272817 0.0391321 -0.555323 -0.516191
273210 0.555318 -0.0391314 0.516187
273514 0.0391392 -0.555336 -0.516197
273807 0.555348 -0.0391351 0.516213
274213 0.0391303 -0.555344 -0.516213
274499 0.555351 -0.0391339 0.516217
275106 0.0391332 -0.555324 -0.516191
275262 0.555316 -0.0391355 0.51618
275416 0.0391365 -0.555342 -0.516205
275603 2.31671 -2.31672 -1.05649e-05
275874 0.555323 -0.0391388 0.516184
276029 0.0391349 -0.55535 -0.516215
276360 0.555352 -0.0391349 0.516217
276512 0.0391334 -0.555353 -0.516219
276669 0.555357 -0.0391384 0.516219
276950 0.0391325 -0.555334 -0.516202
277285 0.555323 -0.0391358 0.516187
277441 0.039133 -0.555351 -0.516218
277755 0.555333 -0.039135 0.516198
278031 0.0391335 -0.555323 -0.516189
278471 0.555327 -0.039131 0.516196
278623 0.0391361 -0.555319 -0.516183
278963 4.85522 -4.85514 8.24238e-05
279240 0.555318 -0.03914 0.516178
279394 0.0391339 -0.555346 -0.516212
280029 0.555318 -0.0391335 0.516184
280304 0.0391351 -0.555351 -0.516216
280582 0.555324 -0.0391368 0.516187
280894 0.0391351 -0.55535 -0.516215
281929 0.555321 -0.0391333 0.516188
282243 0.0391321 -0.555351 -0.516219
282640 0.555321 -0.0391376 0.516183
282944 0.0391365 -0.555329 -0.516193
283225 0.555347 -0.0391406 0.516206
283680 0.0391372 -0.555328 -0.516191
284170 2.3167 -2.31671 -1.22904e-05
284785 5.27146 -0.316275 4.95519
284964 0.542791 -0.0362798 0.506512
285600 0.29507 -0.267972 0.027098
285807 0.209305 -0.349895 -0.14059
286163 0.0122405 -0.515046 -0.502805
286339 0.132064 -4.97751 -4.84545
286940 0.55532 -0.0391352 0.516185
287096 0.0391346 -0.55535 -0.516215
287276 2.3167 -2.31671 -1.03231e-05
287435 0.555343 -0.0391331 0.51621
287598 0.0391359 -0.555318 -0.516183
288054 0.555322 -0.0391369 0.516185
288211 0.0391344 -0.555319 -0.516185
288367 0.555312 -0.039134 0.516178
288523 0.0391347 -0.555345 -0.51621
288973 0.55535 -0.0391362 0.516214
289294 0.039135 -0.555321 -0.516186
289563 5.0392 -0.124673 4.91452
289908 0.0241248 -4.93861 -4.91448
290073 0.555346 -0.0391341 0.516212
290246 0.0391354 -0.555349 -0.516214
290399 0.555333 -0.0391322 0.516201
290572 0.540821 -0.540846 -2.5469e-05
290735 0.0391353 -0.555344 -0.516209
291256 0.555324 -0.0391323 0.516191
291564 0.0391328 -0.555329 -0.516196
291973 0.555351 -0.0391361 0.516215
292128 0.0391298 -0.555353 -0.516223
292527 0.555328 -0.0391335 0.516194
292692 0.0391364 -0.555326 -0.516189
293508 0.555327 -0.039136 0.516191
293786 0.0391331 -0.555324 -0.516191
293942 0.555344 -0.0391337 0.516211
294114 0.0391328 -0.555344 -0.516212
294268 0.555327 -0.039138 0.516189
294421 0.0391335 -0.555324 -0.51619
294808 0.555321 -0.0391334 0.516187
294960 0.0391343 -0.555321 -0.516187
295150 4.74312 -4.74315 -2.89144e-05
295554 0.555322 -0.0391367 0.516186
295825 0.039132 -0.555324 -0.516192
295978 0.555323 -0.0391339 0.516189
296132 0.0391357 -0.555325 -0.51619
297097 0.555318 -0.0391338 0.516184
297250 0.0391341 -0.555325 -0.516191
297661 2.3167 -2.3167 -7.60669e-07
297820 0.555321 -0.0391351 0.516186
297973 0.0391377 -0.555325 -0.516188
298422 2.3167 -2.31672 -1.71824e-05
298693 0.55535 -0.0391321 0.516218
298852 0.0391337 -0.555322 -0.516188
299028 0.555348 -0.0391299 0.516219
299185 0.0391343 -0.555345 -0.516211
299360 0.555319 -0.0391402 0.516179
299513 0.0391297 -0.555346 -0.516216
299704 2.31671 -2.31671 -4.60681e-06
299992 0.555339 -0.039134 0.516205
300145 0.0391341 -0.555351 -0.516217
300473 1.05697 -0.540809 0.516157
300636 0.0391392 -0.555326 -0.516186
300805 0.555358 -0.0391364 0.516221
301123 0.039137 -0.555346 -0.516209
301436 0.555322 -0.039135 0.516187
301591 0.0391348 -0.555327 -0.516193
301747 0.555318 -0.0391329 0.516185
302032 0.0391341 -0.555329 -0.516194
302429 0.555345 -0.0391323 0.516212
302583 0.0391322 -0.555347 -0.516215
302877 0.555319 -0.0391322 0.516187
303031 0.039134 -0.555317 -0.516183
303483 0.555325 -0.0391343 0.516191
303637 0.0391345 -0.555351 -0.516217
304097 2.3167 -2.31669 4.54474e-06
304251 0.555351 -0.0391335 0.516217
304407 0.039137 -0.55535 -0.516213
304634 5.24024 -0.327631 4.91261
305185 0.0969234 -5.00983 -4.9129
305338 0.555349 -0.0391359 0.516213
305649 0.540825 -0.540831 -5.43348e-06
305803 0.0391352 -0.555321 -0.516186
305993 2.3167 -2.31672 -1.86016e-05
306147 0.555347 -0.0391322 0.516215
306427 0.0391368 -0.555345 -0.516208
306718 0.555342 -0.0391327 0.516209
306871 0.0391342 -0.555322 -0.516188
307429 2.3167 -2.3167 9.22491e-07
307584 0.555321 -0.0391344 0.516186
307895 0.0391356 -0.555322 -0.516187
308094 5.17826 -0.0329027 5.14536
308274 0.0328577 -5.17827 -5.14542
308614 0.555325 -0.0391355 0.516189
308766 0.0391344 -0.555338 -0.516204
309037 0.555329 -0.0391317 0.516197
309358 0.0391352 -0.55532 -0.516185
309634 0.555327 -0.039136 0.516191
309788 0.0391395 -0.555328 -0.516188
309955 1.05692 -0.540843 0.516072
310108 0.039132 -0.555347 -0.516215
310280 2.31671 -2.31671 -2.94345e-06
311000 5.12938 -0.00575862 5.12363
311694 0.00575677 -5.12938 -5.12362
311847 0.555264 -0.0391311 0.516133
312198 0.0391342 -0.555276 -0.516142
313080 0.555343 -0.039135 0.516209
313233 0.0391345 -0.555323 -0.516188
313393 0.555338 -0.0391348 0.516204
313559 0.540827 -0.540808 1.96736e-05
313717 0.0391346 -0.55534 -0.516206
314107 0.555319 -0.0391335 0.516186
314263 0.039126 -0.555325 -0.516199
314417 0.555319 -0.0391334 0.516185
314574 0.0391369 -0.555327 -0.51619
314851 0.555345 -0.0391335 0.516211
315005 0.0391356 -0.555322 -0.516186
315325 0.55534 -0.0391352 0.516205
315484 0.0391355 -0.555323 -0.516188
315638 0.555332 -0.0391372 0.516195
315792 0.0391361 -0.555317 -0.516181
315967 4.80684 -4.80684 1.97404e-06
316121 0.555339 -0.0391351 0.516204
316418 0.0391352 -0.555349 -0.516214
316735 0.55535 -0.0391307 0.516219
316890 0.0391354 -0.555351 -0.516216
317043 0.555318 -0.0391313 0.516187
317198 0.0391399 -0.555318 -0.516178
317351 0.555328 -0.0391351 0.516193
317503 0.0391335 -0.555322 -0.516189
317656 0.555344 -0.0391335 0.516211
317966 0.0391342 -0.555341 -0.516207
319071 0.555323 -0.039135 0.516188
319225 0.0391355 -0.555349 -0.516214
319378 0.55532 -0.0391338 0.516187
319660 0.0391324 -0.555348 -0.516216
319818 0.55534 -0.0391339 0.516206
319972 0.0391352 -0.555323 -0.516188
320238 5.10235 -5.10238 -2.70909e-05
320522 0.555343 -0.039133 0.51621
320675 0.0391341 -0.555347 -0.516213
321821 0.55535 -0.0391356 0.516215
321975 0.0391338 -0.555339 -0.516206
322249 0.555337 -0.0391325 0.516204
322557 0.0391342 -0.555323 -0.516189
322838 0.555348 -0.0391346 0.516213
323122 0.0391317 -0.555269 -0.516137
323716 0.555353 -0.0391379 0.516215
323873 0.0391337 -0.555346 -0.516212
324800 5.25554 -0.320467 4.93507
324980 0.193017 -0.156472 0.0365449
325152 0.565174 -0.552422 0.0127517
325495 0.600708 -0.0401833 0.560524
326594 0.188773 -0.342442 -0.153669
327196 0.540995 -0.0325958 0.5084
327410 0.232174 -0.00165991 0.230514
328307 0.0390288 -0.542408 -0.503379
328751 0.00155075 -0.225412 -0.223861
328941 0.0733664 -0.502978 -0.429612
329464 0.534869 -0.0267572 0.508112
329638 0.0317213 -0.530925 -0.499204
329851 0.220545 -0.266917 -0.0463722
330072 0.171814 -5.10069 -4.92887
330374 5.07365 -0.101631 4.97202
330888 0.271684 -0.265269 0.00641483
331099 0.247543 -0.254681 -0.00713833
331438 0.262404 -0.251983 0.0104209
331618 0.574831 -0.0288346 0.545996
331801 0.0288415 -0.574821 -0.545979
331983 0.22178 -0.34085 -0.11907
332178 0.133676 -4.99622 -4.86255
332676 0.555326 -0.0391336 0.516192
332831 0.0391349 -0.555345 -0.51621
333162 0.555327 -0.0391428 0.516185
333316 0.0391345 -0.555352 -0.516217
333590 0.555327 -0.0391295 0.516198
333743 0.0391275 -0.555315 -0.516187
333916 2.31671 -2.31671 -5.17925e-08
334600 2.31671 -2.31671 7.50719e-06
334754 0.555346 -0.0391336 0.516212
334910 0.0391353 -0.555323 -0.516187
335065 0.55533 -0.0391351 0.516195
335219 0.039132 -0.555325 -0.516193
335491 0.55535 -0.0391336 0.516216
335815 0.540805 -0.540807 -1.97492e-06
335971 0.0391332 -0.555346 -0.516213
336662 0.555345 -0.0391339 0.516211
336957 0.540825 -0.540803 2.15084e-05
337116 0.0391304 -0.555341 -0.51621
337568 0.555353 -0.0391348 0.516219
337721 0.0391333 -0.555344 -0.51621
337992 0.555345 -0.0391331 0.516212
338148 0.0391307 -0.55532 -0.51619
338306 0.555322 -0.0391377 0.516185
338459 0.0391346 -0.555355 -0.51622
338635 2.31671 -2.31671 1.28319e-06
338788 0.555325 -0.0391352 0.51619
338943 0.039133 -0.555325 -0.516192
339226 0.555326 -0.0391325 0.516194
339379 0.0391342 -0.555323 -0.516189
339545 0.555345 -0.039134 0.516211
339699 0.0391347 -0.555345 -0.51621
339981 0.555327 -0.0391363 0.516191
340134 0.0391253 -0.55532 -0.516195
340999 4.86039 -4.86036 3.13261e-05
341159 0.55532 -0.0391387 0.516182
341319 0.0391369 -0.555324 -0.516187
341474 0.555325 -0.0391358 0.516189
341637 0.0391369 -0.55535 -0.516213
341796 0.55532 -0.0391335 0.516186
341949 0.0391342 -0.555316 -0.516182
342971 0.555346 -0.039136 0.51621
343299 0.0391346 -0.555348 -0.516214
343624 0.555345 -0.0391338 0.516211
343780 0.0391405 -0.555319 -0.516179
343938 0.555352 -0.0391368 0.516216
344095 0.0391346 -0.555344 -0.516209
344388 0.555324 -0.0391347 0.51619
344665 0.0391372 -0.555321 -0.516184
344819 0.555348 -0.0391345 0.516213
344974 0.0391345 -0.555351 -0.516216
345433 0.555328 -0.0391351 0.516193
345583 0.0391347 -0.555349 -0.516215
346609 0.555317 -0.0391404 0.516177
347361 0.0391391 -0.555322 -0.516183
347527 0.555351 -0.039134 0.516217
347684 0.0391327 -0.555325 -0.516192
347963 0.555323 -0.0391402 0.516183
348116 0.0391305 -0.555348 -0.516217
348510 0.555316 -0.0391342 0.516182
348665 0.0391332 -0.555341 -0.516207
348818 0.555324 -0.0391349 0.516189
348973 0.0391341 -0.555347 -0.516213
350225 0.555344 -0.0391345 0.51621
350384 0.0391361 -0.555348 -0.516212
350780 0.555352 -0.0391353 0.516216
350947 0.0391355 -0.55532 -0.516184
351101 0.555317 -0.0391349 0.516182
351254 0.0391349 -0.555345 -0.51621
352222 0.555317 -0.039135 0.516182
352538 0.0391347 -0.55535 -0.516215
352821 0.555329 -0.0391408 0.516188
352975 0.0391327 -0.555319 -0.516186
353371 0.555323 -0.0391268 0.516197
353523 0.0391331 -0.555315 -0.516182
353700 0.555342 -0.0391359 0.516206
353853 0.0391351 -0.555352 -0.516217
354048 5.04378 -0.00122134 5.04256
354226 0.00269274 -5.04524 -5.04254
354636 0.555326 -0.0391353 0.516191
355141 5.57355 -0.652531 4.92102
355312 0.15818 -5.07767 -4.91949
355484 0.0391274 -0.555341 -0.516213
356039 2.31669 -2.3167 -4.63811e-06
356960 5.23378 -0.310575 4.92321
357147 0.535652 -0.0379337 0.497719
357399 0.322342 -5.22693 -4.90459
357552 0.0391349 -0.555322 -0.516187
357706 0.55535 -0.0391354 0.516214
357978 0.0391351 -0.55535 -0.516215
358131 0.555321 -0.0391378 0.516184
358290 0.0391353 -0.555346 -0.516211
358448 0.555327 -0.039135 0.516192
358603 0.0391329 -0.555348 -0.516215
359125 0.555345 -0.039133 0.516212
359549 0.0391324 -0.555326 -0.516193
359709 0.555345 -0.0391355 0.516209
360042 0.540804 -0.540804 -6.83204e-07
360194 0.0391361 -0.55533 -0.516194
360350 0.555324 -0.0391358 0.516188
360658 0.0391324 -0.555344 -0.516211
361139 0.55532 -0.039134 0.516186
361293 0.0391377 -0.555351 -0.516213
361576 0.555352 -0.0391374 0.516215
361732 0.0391358 -0.555344 -0.516208
361898 0.555348 -0.0391345 0.516213
362050 0.039133 -0.555321 -0.516188
362333 0.555319 -0.0391329 0.516187
363018 0.0391341 -0.55533 -0.516196
363494 0.555345 -0.0391335 0.516211
363652 0.0391366 -0.555322 -0.516185
365455 0.555322 -0.0391333 0.516188
365635 0.540812 -0.540809 2.59184e-06
365788 0.0391336 -0.555321 -0.516188
366117 2.31671 -2.31671 2.75898e-06
366558 0.555347 -0.0391355 0.516212
367047 0.540782 -0.540836 -5.37906e-05
367202 0.0391366 -0.555327 -0.516191
368840 0.55535 -0.0391328 0.516217
369149 0.0391318 -0.555343 -0.516211
369777 0.55532 -0.0391363 0.516184
370099 0.0391337 -0.555353 -0.516219
370562 0.55532 -0.0391353 0.516185
370880 0.0391347 -0.555347 -0.516212
371284 0.555322 -0.039133 0.516189
371593 0.0391334 -0.555317 -0.516183
372582 2.3167 -2.31671 -1.74078e-05
372858 0.555322 -0.0391332 0.516188
373175 0.0391345 -0.555354 -0.516219
373330 0.555351 -0.0391353 0.516216
373601 0.039134 -0.555321 -0.516187
373754 0.555324 -0.0391325 0.516191
373907 0.0391339 -0.55535 -0.516216
374433 0.555316 -0.0391362 0.51618
374586 0.0391328 -0.555324 -0.516191
374900 2.3167 -2.31671 -1.66965e-05
375054 0.55533 -0.0391348 0.516195
375214 0.0391362 -0.555344 -0.516208
375737 0.555326 -0.039135 0.516191
376328 0.0391333 -0.55532 -0.516186
376485 0.555345 -0.0391327 0.516212
376760 0.0391396 -0.555331 -0.516192
376913 0.555319 -0.0391341 0.516185
377229 0.0391323 -0.555354 -0.516221
377637 0.555328 -0.0391372 0.516191
377943 0.0391379 -0.555325 -0.516187
378230 0.555322 -0.0391377 0.516184
378388 0.0391334 -0.555347 -0.516213
378670 0.555325 -0.0391371 0.516188
378834 0.0391333 -0.555351 -0.516217
379036 5.03318 -0.135978 4.8972
379346 0.547346 -0.0312063 0.51614
379532 0.0312057 -0.547351 -0.516145
380414 0.13598 -5.03315 -4.89717
380688 0.555325 -0.0391365 0.516189
380967 0.0391331 -0.555345 -0.516212
381122 0.555319 -0.0391323 0.516187
381328 5.07899 -0.0088265 5.07016
381712 0.0336633 -0.523002 -0.489338
381902 -0.0101307 -5.08676 -5.09689
382833 0.555325 -0.039136 0.516189
383322 0.039134 -0.555324 -0.51619
384580 0.55535 -0.0391346 0.516215
384739 0.0391351 -0.555348 -0.516213
384891 0.555324 -0.0391388 0.516185
385046 0.0391361 -0.555324 -0.516188
385222 2.31672 -2.31671 7.68068e-07
385654 0.555324 -0.0391403 0.516183
385965 0.0391325 -0.555357 -0.516224
386779 0.555348 -0.0391367 0.516211
386943 0.0391325 -0.555325 -0.516192
387635 0.555346 -0.0391353 0.51621
387965 0.0391338 -0.555321 -0.516187
388255 0.555327 -0.0391402 0.516187
388407 0.0391276 -0.555342 -0.516215
388601 5.17055 -0.229142 4.94141
388775 0.229146 -5.17055 -4.9414
388927 0.555316 -0.0391382 0.516178
389080 0.0391333 -0.555319 -0.516186
389405 0.555348 -0.0391315 0.516217
390053 0.0391361 -0.555273 -0.516137
390206 0.555314 -0.0391325 0.516181
390362 0.0391353 -0.555322 -0.516187
390525 0.555346 -0.0391357 0.51621
390688 0.0391282 -0.555345 -0.516217
390965 0.555323 -0.0391364 0.516187
391118 0.0391329 -0.555342 -0.516209
391273 0.555324 -0.0391341 0.51619
391427 0.0391374 -0.555319 -0.516182
391581 0.555325 -0.0391405 0.516185
391886 0.0391305 -0.555345 -0.516215
392039 0.555348 -0.0391333 0.516214
392206 0.540824 -0.540793 3.17327e-05
392361 0.0391327 -0.555347 -0.516214
392637 0.555319 -0.0391342 0.516185
392795 0.0391355 -0.555348 -0.516212
393141 5.22445 -0.313951 4.9105
393323 0.096138 -5.00657 -4.91044
393681 5.18856 -0.237574 4.95099
394366 0.1673 -5.11829 -4.95099
394775 0.555319 -0.039133 0.516186
394930 0.039139 -0.555326 -0.516187
395084 0.555324 -0.0391332 0.516191
395431 0.0391338 -0.555347 -0.516213
395585 0.555325 -0.0391331 0.516192
395738 0.0391393 -0.555319 -0.51618
396618 0.555349 -0.0391375 0.516211
396773 0.0391332 -0.555349 -0.516216
397172 0.555345 -0.0391332 0.516212
397455 0.0391359 -0.555322 -0.516186
397868 0.55532 -0.0391337 0.516187
398296 0.039135 -0.555347 -0.516212
399023 2.31671 -2.31672 -8.75448e-06
399176 0.555341 -0.0391361 0.516205
399328 0.0391338 -0.555325 -0.516192
400003 0.555345 -0.0391344 0.51621
400165 0.0391387 -0.555326 -0.516187
400568 0.55532 -0.0391332 0.516187
400723 0.0391396 -0.555324 -0.516184
400995 0.555348 -0.0391366 0.516211
401149 0.0391317 -0.555353 -0.516221
401573 0.55535 -0.0391367 0.516213
401855 0.039137 -0.555349 -0.516212
402011 0.555323 -0.0391375 0.516185
402169 0.0391371 -0.555322 -0.516185
402325 0.555325 -0.0391359 0.516189
402480 0.0391368 -0.555343 -0.516206
402928 4.95056 -4.95052 3.55146e-05
403215 0.555328 -0.0391391 0.516188
403369 0.0391354 -0.555348 -0.516213
403893 0.555321 -0.0391383 0.516183
404049 0.0391351 -0.555325 -0.51619
404717 0.555351 -0.0391312 0.51622
404874 0.0391332 -0.555327 -0.516194
405159 0.55535 -0.0391386 0.516212
405436 0.0391342 -0.555343 -0.516209
405590 0.555344 -0.0391347 0.516209
405758 0.0391332 -0.555347 -0.516214
406035 0.555351 -0.0391363 0.516215
406192 0.0391308 -0.555344 -0.516213
406345 0.55532 -0.0391356 0.516185
406498 0.0391336 -0.555351 -0.516218
406652 0.555353 -0.0391357 0.516217
406805 0.039135 -0.55527 -0.516135
407204 0.555326 -0.0391337 0.516192
407357 0.0391345 -0.55532 -0.516186
407649 2.31671 -2.31671 -9.10982e-08
407939 2.31671 -2.3167 8.89526e-06
408389 0.55534 -0.0391355 0.516205
408669 0.0391359 -0.555325 -0.516189
408855 2.31672 -2.31671 1.0876e-05
409007 0.555324 -0.0391354 0.516189
409163 0.0391339 -0.555325 -0.516191
409597 2.31669 -2.31671 -1.39357e-05
409882 0.555343 -0.0391318 0.516211
410034 0.039134 -0.55535 -0.516216
410187 0.555332 -0.0391346 0.516197
410342 0.0391335 -0.555319 -0.516186
410497 0.555319 -0.0391331 0.516185
410817 0.0391347 -0.555344 -0.516209
411112 0.555325 -0.039134 0.516191
411266 0.039136 -0.555322 -0.516186
411674 0.555325 -0.0391369 0.516188
411827 0.0391307 -0.555316 -0.516185
411990 0.555339 -0.0391301 0.516209
412144 0.0391298 -0.555346 -0.516216
412457 2.31671 -2.31672 -4.05177e-06
412620 0.555347 -0.0391305 0.516217
412790 0.0391346 -0.555324 -0.516189
413488 0.555349 -0.0391357 0.516213
413828 0.0391344 -0.555356 -0.516222
414060 5.06176 -5.06177 -3.81983e-06
414700 0.555325 -0.0391303 0.516194
414853 0.0391304 -0.555346 -0.516216
415677 0.555324 -0.0391343 0.51619
415835 0.0391412 -0.555324 -0.516183
416449 5.04702 -0.00677518 5.04024
416646 0.00338905 -5.04367 -5.04028
416800 0.555331 -0.0391371 0.516194
416966 0.540801 -0.540796 4.62144e-06
417120 0.0391321 -0.55528 -0.516148
417293 2.3167 -2.31671 -1.07019e-05
417447 0.555346 -0.0391345 0.516211
417717 0.0391342 -0.555346 -0.516212
418589 0.555331 -0.0391326 0.516198
418912 5.21966 -0.306038 4.91362
419102 0.0329873 -0.533053 -0.500066
419688 0.273869 -0.250891 0.022978
420000 0.232455 -0.298206 -0.0657501
420397 0.199899 -5.08671 -4.88681
420689 2.3167 -2.3167 4.06774e-06
420842 0.555324 -0.0391362 0.516188
420995 0.0391344 -0.555341 -0.516207
421515 0.55533 -0.0391367 0.516194
421668 0.0391348 -0.555347 -0.516212
421826 0.555341 -0.0391297 0.516212
421984 0.0391349 -0.555326 -0.516191
423280 0.555324 -0.0391391 0.516185
423435 0.0391357 -0.555326 -0.51619
423715 0.555325 -0.0391347 0.51619
423869 0.0391371 -0.555354 -0.516217
424022 0.555268 -0.0391362 0.516131
424175 0.0391424 -0.555319 -0.516176
424328 0.555328 -0.0391412 0.516187
424481 0.039134 -0.555325 -0.516191
424635 0.555345 -0.0391354 0.516209
424788 0.0391348 -0.55532 -0.516185
425193 0.555325 -0.0391374 0.516187
425474 0.0391386 -0.555323 -0.516184
425757 0.555324 -0.0391326 0.516191
425917 0.0391355 -0.55535 -0.516215
426074 0.555343 -0.0391366 0.516206
426389 0.0391308 -0.555349 -0.516218
426908 0.555336 -0.0391351 0.5162
427186 0.0391347 -0.555318 -0.516183
427718 0.55535 -0.039133 0.516217
428509 0.039137 -0.555325 -0.516188
428800 0.555322 -0.0391331 0.516189
428958 0.0391352 -0.555347 -0.516212
429237 0.555327 -0.0391346 0.516192
429516 0.0391342 -0.555347 -0.516213
430167 0.555352 -0.0391352 0.516217
430491 0.0391336 -0.555339 -0.516205
431239 0.555348 -0.0391358 0.516213
431392 0.0391354 -0.555342 -0.516207
432185 0.555355 -0.0391363 0.516219
432336 0.0391332 -0.555326 -0.516193
433769 0.555318 -0.0391361 0.516182
433925 0.0391389 -0.55532 -0.516181
434518 0.555318 -0.0391387 0.516179
434673 0.0391374 -0.555353 -0.516215
435278 0.55535 -0.0391361 0.516214
435555 0.0391348 -0.55535 -0.516216
436136 0.555347 -0.0391345 0.516213
436433 0.039133 -0.55535 -0.516217
436587 0.555324 -0.0391247 0.5162
436776 0.540802 -0.540804 -2.13457e-06
437053 0.0391373 -0.555352 -0.516215
437350 2.31671 -2.31671 1.0731e-06
437506 0.555322 -0.0391384 0.516184
437915 0.540856 -0.540817 3.98791e-05
438068 0.0391349 -0.555328 -0.516193
438326 4.94341 -0.0800983 4.86331
438880 0.0800933 -4.94348 -4.86338
439308 0.555324 -0.0391352 0.516189
439579 0.0391361 -0.555346 -0.51621
440113 0.555352 -0.039136 0.516216
440275 0.0391388 -0.555355 -0.516217
441036 0.555348 -0.0391401 0.516208
441190 0.0391305 -0.555326 -0.516196
441342 0.555342 -0.0391338 0.516209
441496 0.0391257 -0.555322 -0.516196
441773 0.555346 -0.0391355 0.516211
442236 0.0391322 -0.555333 -0.516201
442392 0.555349 -0.039137 0.516212
443088 0.540825 -0.540795 2.95575e-05
443242 0.0391345 -0.555347 -0.516213
443444 2.3167 -2.3167 2.68626e-06
445119 0.555342 -0.039134 0.516208
445284 0.540826 -0.540809 1.74331e-05
445437 0.0391357 -0.555334 -0.516199
445593 0.555348 -0.0391322 0.516216
445747 0.0391334 -0.555342 -0.516209
445901 0.555346 -0.0391321 0.516214
446056 0.0391341 -0.555338 -0.516204
446575 0.555341 -0.0391357 0.516205
446730 0.0391317 -0.555343 -0.516211
446886 0.555319 -0.0391356 0.516184
447054 0.0391358 -0.555322 -0.516186
447334 0.555344 -0.0391353 0.516208
447498 0.540825 -0.540805 2.01195e-05
447652 0.0391355 -0.55535 -0.516215
447872 5.30655 -4.79044 0.516107
448028 0.0391332 -0.555338 -0.516205
448299 0.555352 -0.0391336 0.516219
448455 0.0391338 -0.555348 -0.516214
448609 0.555347 -0.039133 0.516214
448915 0.0391329 -0.555351 -0.516219
449093 5.06773 -0.0876206 4.98011
449269 0.0876257 -5.06775 -4.98012
449422 0.555321 -0.0391319 0.516189
449740 0.039136 -0.555273 -0.516137
449895 0.555347 -0.0391342 0.516213
450049 0.0391362 -0.555347 -0.516211
450329 0.555339 -0.039137 0.516202
450482 0.0391355 -0.555322 -0.516186
450809 4.98327 -0.0996715 4.8836
451176 0.327251 -0.245545 0.0817063
451765 0.531273 -0.0282073 0.503066
452002 0.245562 -0.318931 -0.0733695
452172 0.0283749 -0.526532 -0.498157
452360 0.271996 -0.256576 0.0154195
452557 0.548471 -0.0316486 0.516822
452928 0.0408409 -0.549364 -0.508523
453142 2.26067 -2.26162 -0.000953016
453329 0.268168 -0.263066 0.00510149
453519 0.238234 -0.247763 -0.00952927
454447 0.494668 -0.0242105 0.470457
454625 0.0242208 -0.494671 -0.47045
454808 0.540442 -0.0205411 0.519901
454987 0.518567 -0.0300585 0.488508
455168 0.0224468 -0.543849 -0.521402
455521 0.192754 -0.297439 -0.104685
456293 0.0201764 -0.470319 -0.450143
456877 0.530102 -0.022931 0.507171
457051 0.0773595 -0.45789 -0.380531
457433 0.255818 -0.249756 0.00606227
457611 0.0782281 -5.0587 -4.98047
458313 0.555321 -0.0391351 0.516186
458470 0.0391405 -0.555323 -0.516182
458762 0.555327 -0.0391357 0.516191
459059 0.540811 -0.540826 -1.4792e-05
459214 0.0391354 -0.555321 -0.516186
459489 0.55535 -0.0391336 0.516216
459650 0.0391339 -0.555345 -0.516211
459825 4.74061 -0.00870676 4.7319
459997 0.00870613 -4.74061 -4.73191
460285 0.555355 -0.0391238 0.516231
460568 0.0391385 -0.555322 -0.516183
460895 5.18504 -0.249504 4.93554
461061 0.527028 -0.0271194 0.499909
461229 0.0271282 -0.527031 -0.499902
461561 0.249504 -5.18505 -4.93555
461842 0.555346 -0.0391307 0.516215
462315 0.0391393 -0.555322 -0.516183
462468 0.555322 -0.0391362 0.516186
462788 0.0391336 -0.555327 -0.516194
462954 0.555326 -0.039136 0.51619
463241 0.0391347 -0.555349 -0.516214
463629 0.555323 -0.0391288 0.516194
463784 0.039136 -0.55535 -0.516214
463965 2.3167 -2.3167 4.60727e-06
464124 0.555327 -0.0391343 0.516193
464287 0.0391328 -0.555347 -0.516214
464936 0.555349 -0.0391346 0.516214
465261 0.0391367 -0.555353 -0.516216
465414 0.55532 -0.0391327 0.516187
465570 0.0391367 -0.555348 -0.516212
465965 0.555318 -0.039133 0.516185
466119 0.039135 -0.555353 -0.516218
466513 0.555321 -0.0391345 0.516186
466941 0.0391394 -0.555323 -0.516183
467216 0.555345 -0.0391349 0.51621
467372 0.0391326 -0.555347 -0.516214
467525 0.555328 -0.0391372 0.51619
467686 0.0391346 -0.555323 -0.516188
468002 2.3167 -2.31671 -3.55958e-06
468156 0.555325 -0.0391374 0.516187
468938 0.0391365 -0.555348 -0.516212
469211 0.555349 -0.039137 0.516212
469367 0.0391364 -0.555333 -0.516197
469520 0.555315 -0.039133 0.516182
469675 0.0391331 -0.55533 -0.516197
470471 5.10367 -0.18524 4.91843
470683 0.533636 -0.0303697 0.503266
471073 0.0317648 -0.53033 -0.498565
471264 0.314539 -5.23745 -4.92291
471540 0.555329 -0.0391348 0.516194
471997 0.0391344 -0.55535 -0.516215
472149 0.555345 -0.0391349 0.51621
472305 0.039134 -0.555342 -0.516208
473204 5.0659 -0.0117607 5.05414
473665 0.0117518 -5.06585 -5.0541
474728 4.8013 -4.80126 3.92721e-05
474881 0.555326 -0.0391338 0.516192
475039 0.0391402 -0.555351 -0.516211
475804 2.3167 -2.31671 -8.37279e-06
475956 0.555323 -0.0391359 0.516187
476429 0.0391335 -0.555321 -0.516187
476582 0.555341 -0.0391334 0.516208
476902 0.0391337 -0.55532 -0.516186
477259 0.55533 -0.0391335 0.516197
477448 5.10661 -0.0106017 5.09601
477647 0.038263 -0.534072 -0.495809
477994 0.016438 -5.13281 -5.11637
478160 0.555346 -0.0391341 0.516212
478310 0.0391355 -0.555347 -0.516212
478580 0.555354 -0.0391333 0.51622
478735 0.0391284 -0.55534 -0.516212
479625 5.04928 -5.0493 -1.6367e-05
479783 0.555355 -0.039137 0.516218
480068 0.0391316 -0.555348 -0.516216
480479 0.55531 -0.0391382 0.516172
480631 0.0391338 -0.555351 -0.516217
480784 0.55532 -0.0391362 0.516184
481092 0.039136 -0.555351 -0.516215
481692 0.555325 -0.0391344 0.51619
481846 0.0391363 -0.555317 -0.51618
481998 0.555327 -0.0391351 0.516192
482151 0.0391333 -0.555321 -0.516188
482305 0.555349 -0.039136 0.516213
482627 0.0391268 -0.555324 -0.516197
482780 0.555346 -0.0391353 0.516211
482934 0.0391342 -0.555324 -0.51619
483089 0.555324 -0.0391342 0.51619
483243 0.0391329 -0.555324 -0.516191
483398 0.555347 -0.039137 0.51621
483551 0.0391316 -0.555346 -0.516214
483738 2.3167 -2.31671 -5.38787e-06
484021 0.555321 -0.039137 0.516184
484185 0.0391341 -0.555325 -0.516191
484338 0.555344 -0.0391325 0.516211
484491 0.039133 -0.555348 -0.516215
484899 0.555343 -0.0391336 0.516209
485052 0.0391351 -0.555325 -0.51619
485422 5.03333 -0.221125 4.81221
485623 0.107633 -4.91981 -4.81217
485791 0.555347 -0.0391387 0.516208
486069 0.0391332 -0.555344 -0.516211
486415 5.07651 -5.07646 5.18628e-05
486570 0.555339 -0.0391363 0.516203
486845 0.0391345 -0.555348 -0.516213
487006 0.55533 -0.039135 0.516195
487159 0.0391341 -0.555346 -0.516212
487317 0.555332 -0.0391418 0.51619
487878 0.039134 -0.555345 -0.516211
488101 5.17109 -0.242862 4.92823
488612 0.242851 -5.17107 -4.92822
488926 2.3167 -2.31672 -1.6252e-05
489097 2.3167 -2.3167 1.07089e-06
489616 0.555319 -0.0391375 0.516182
489770 0.039126 -0.555322 -0.516196
490046 0.555328 -0.0391337 0.516194
490201 0.0391378 -0.555319 -0.516181
490614 0.555322 -0.0391355 0.516187
490956 0.0391326 -0.555347 -0.516214
491109 0.555318 -0.0391356 0.516183
491268 0.0391351 -0.555349 -0.516214
491421 0.555346 -0.039135 0.516211
491574 0.0391374 -0.55532 -0.516183
491749 1.05696 -0.540807 0.516153
491903 0.0391383 -0.555321 -0.516183
492753 0.555321 -0.0391343 0.516187
492916 0.0391329 -0.555347 -0.516215
493077 0.55534 -0.0391338 0.516206
493236 0.0391323 -0.555329 -0.516196
495102 0.55535 -0.039133 0.516217
495255 0.0391338 -0.555348 -0.516214
495452 5.18782 -0.239701 4.94812
496049 0.537647 -0.0348277 0.50282
496342 0.0396123 -0.561826 -0.522214
496713 0.214741 -5.14344 -4.9287
496867 0.55533 -0.0391418 0.516188
497182 0.0391385 -0.555348 -0.51621
497932 2.31671 -2.3167 1.13212e-05
498339 0.55535 -0.0391347 0.516215
498493 0.0391385 -0.555325 -0.516187
499467 4.94133 -4.94135 -1.51758e-05
500033 0.555322 -0.0391357 0.516186
500186 0.039136 -0.555325 -0.516189
500478 0.555345 -0.0391326 0.516212
500632 0.0391312 -0.555345 -0.516214
501333 0.555323 -0.0391362 0.516186
501492 0.0391303 -0.555343 -0.516213
502525 0.555327 -0.0391381 0.516189
502678 0.0391356 -0.55532 -0.516185
502957 0.555331 -0.0391382 0.516193
503230 0.0391372 -0.555322 -0.516185
503385 0.555273 -0.0391356 0.516138
503881 0.0391415 -0.555328 -0.516187
504035 0.555349 -0.039136 0.516213
504189 0.0391384 -0.555327 -0.516188
504732 0.555328 -0.039135 0.516193
505002 0.039136 -0.555318 -0.516182
505159 0.555349 -0.0391345 0.516214
506215 0.0391376 -0.555278 -0.51614
506623 0.555347 -0.0391392 0.516208
506777 0.0391372 -0.55532 -0.516182
507221 0.555347 -0.0391315 0.516215
507376 0.0391335 -0.555346 -0.516212
507530 0.55532 -0.0391316 0.516189
507685 0.0391344 -0.555326 -0.516192
507846 0.555317 -0.0391382 0.516178
507999 0.0391335 -0.55535 -0.516216
508275 0.555349 -0.0391328 0.516216
508550 0.0391348 -0.555326 -0.516191
509097 0.555332 -0.0391341 0.516198
509254 0.039135 -0.555346 -0.516211
509564 2.3167 -2.3167 -1.97686e-06
509991 0.555323 -0.0391359 0.516187
510270 0.0391356 -0.555321 -0.516185
511606 2.31669 -2.31671 -1.12424e-05
511780 2.31669 -2.3167 -5.4743e-06
512195 0.555346 -0.039135 0.516211
512350 0.0391356 -0.555352 -0.516216
513876 5.21621 -0.328146 4.88806
514056 0.328148 -5.21621 -4.88806
514569 0.555349 -0.0391344 0.516215
514726 0.0391355 -0.555319 -0.516183
515007 0.555329 -0.0391372 0.516192
515287 0.0391343 -0.555346 -0.516212
515696 0.555357 -0.0391362 0.516221
515856 0.0391351 -0.555346 -0.516211
516013 0.555346 -0.0391365 0.51621
516233 4.8927 -4.89271 -1.08636e-05
516390 0.039132 -0.555349 -0.516217
517101 0.555327 -0.0391367 0.51619
517254 0.0391382 -0.555318 -0.51618
517773 0.555351 -0.0391352 0.516215
517929 0.0391378 -0.555315 -0.516177
518343 0.555322 -0.0391354 0.516187
518745 0.0391369 -0.555323 -0.516186
519828 0.555344 -0.0391307 0.516214
519989 0.0391379 -0.555354 -0.516216
520143 0.555319 -0.0391343 0.516185
520296 0.0391376 -0.555327 -0.516189
520637 0.555321 -0.039138 0.516183
520943 0.0391343 -0.555322 -0.516188
521125 2.3167 -2.3167 4.14376e-06
521540 0.555317 -0.0391408 0.516177
521694 0.0391389 -0.555321 -0.516182
521846 0.555318 -0.039135 0.516183
521999 0.0391365 -0.555327 -0.516191
522399 0.555347 -0.0391349 0.516212
522556 0.039134 -0.555325 -0.516191
522793 5.17327 -0.246584 4.92669
522985 0.176238 -5.10294 -4.9267
523399 0.555327 -0.0391338 0.516193
523691 0.0391346 -0.555342 -0.516208
523847 0.555345 -0.0391329 0.516212
524003 0.039138 -0.555325 -0.516187
524280 0.555323 -0.0391341 0.516189
524433 0.0391342 -0.555322 -0.516188
524883 0.555319 -0.0391287 0.516191
525048 0.0391361 -0.55532 -0.516184
525202 0.555325 -0.0391362 0.516188
525357 0.0391357 -0.55535 -0.516215
525648 0.555349 -0.0391345 0.516214
526256 0.0391355 -0.555325 -0.51619
526477 5.05327 -0.209853 4.84342
527031 0.209863 -5.05328 -4.84342
527727 0.555344 -0.0391333 0.516211
527880 0.0391318 -0.555321 -0.516189
528213 0.555317 -0.0391342 0.516183
528368 0.0391394 -0.555321 -0.516182
528698 0.555325 -0.0391427 0.516183
528852 0.0391356 -0.555345 -0.51621
529209 2.31671 -2.31671 -6.87993e-07
529662 0.555351 -0.0391356 0.516215
530293 0.0391349 -0.555347 -0.516212
530446 0.555272 -0.0391326 0.516139
530729 0.0391344 -0.555332 -0.516197
531126 0.555338 -0.0391337 0.516204
531287 0.0391355 -0.555321 -0.516186
531994 0.555319 -0.0391334 0.516186
532439 0.0391408 -0.555325 -0.516184
532594 0.55535 -0.0391332 0.516216
532751 0.039137 -0.555322 -0.516185
533192 0.555322 -0.0391394 0.516183
533345 0.0391345 -0.555346 -0.516212
533772 0.555326 -0.039139 0.516187
533925 0.0391334 -0.555347 -0.516213
534332 0.555315 -0.0391312 0.516184
534483 0.0391356 -0.555327 -0.516191
534798 4.32401 -4.32395 5.55982e-05
534952 0.555323 -0.0391352 0.516187
535105 0.0391354 -0.55532 -0.516184
535728 5.04786 -0.138928 4.90894
535898 0.534616 -0.038391 0.496225
536072 0.126001 -5.01514 -4.88914
536226 0.0391323 -0.555345 -0.516212
536641 5.0435 -0.103259 4.94024
536852 0.27447 -0.289097 -0.0146272
537028 0.518618 -0.0333264 0.485292
537207 0.24883 -0.246651 0.00217948
538602 0.02947 -0.562583 -0.533113
538799 0.262376 -0.254994 0.00738212
538989 0.545942 -0.0240531 0.521889
539165 0.0102921 -0.496119 -0.485827
539339 0.262007 -0.259385 0.00262178
539528 0.257899 -0.217595 0.0403038
539716 0.246695 -0.250462 -0.00376727
539897 0.48111 -0.0203752 0.460735
540086 0.0349238 -0.540396 -0.505472
540277 0.544065 -0.0198589 0.524206
540465 0.0198728 -0.544071 -0.524198
540657 0.510858 -0.022344 0.488514
540839 0.0223407 -0.510858 -0.488518
541165 0.368752 -0.031239 0.337513
542128 0.0132331 -0.556226 -0.542993
542661 0.554762 -0.0249272 0.529835
542857 0.230976 -0.265192 -0.0342159
544605 0.0286876 -0.530233 -0.501546
544792 0.257887 -0.251913 0.00597413
544982 0.246488 -0.276018 -0.0295297
545579 0.439042 -0.0296558 0.409386
545756 0.477266 -0.0334927 0.443774
546147 0.0334995 -0.477256 -0.443757
546542 0.368592 -0.205484 0.163108
546730 0.0132061 -0.556258 -0.543052
546911 0.243458 -0.233087 0.0103719
547108 0.240219 -0.251391 -0.0111712
547416 0.245039 -0.236323 0.0087155
547595 0.23932 -0.258599 -0.0192783
547780 0.532644 -0.0219299 0.510714
548291 0.0219255 -0.532631 -0.510706
548483 0.2586 -0.23932 0.0192801
548669 0.239331 -0.258602 -0.0192707
548845 0.536483 -0.0285665 0.507916
549044 0.25484 -0.254816 2.45557e-05
550028 0.238405 -0.233595 0.00481018
550222 0.0236687 -0.527341 -0.503672
550652 0.253478 -0.240838 0.0126398
550848 0.240212 -0.251387 -0.0111746
551599 0.609082 -0.456063 0.153019
551922 0.226877 -0.245887 -0.0190093
552093 0.245891 -0.226871 0.0190192
552309 0.300555 0.00055159 0.301107
554777 -0.000704788 -0.300403 -0.301107
555115 0.232248 -0.241906 -0.00965808
555311 0.466585 -0.61954 -0.152954
555648 0.619536 -0.466571 0.152965
556020 0.240754 -0.23871 0.00204407
556361 0.706794 -0.625526 0.0812687
556542 0.554898 -0.0317412 0.523157
556720 0.0317399 -0.554902 -0.523162
556911 0.512822 -0.0474883 0.465334
557081 0.0223166 -0.539284 -0.516968
557276 0.246948 -0.23368 0.0132675
557473 0.237093 -0.245372 -0.00827852
557647 0.576359 -0.0363866 0.539972
558500 0.0363588 -0.576337 -0.539978
558849 0.238874 -0.238546 0.000328256
559285 0.56246 -0.0151542 0.547306
559475 0.467293 -0.550488 -0.083195
559817 0.0256544 -0.48981 -0.464156
560214 0.299165 -0.00414324 0.295022
561491 0.00414707 -0.299179 -0.295032
561704 0.299175 -0.00413254 0.295042
562431 0.00023741 -0.309823 -0.309585
562610 0.267644 -0.248628 0.0190159
562813 0.342528 -0.0420395 0.300489
562988 0.026886 -0.529241 -0.502355
563187 0.281139 -0.253738 0.0274015
563372 0.534415 -0.0200398 0.514375
563728 0.0200344 -0.534411 -0.514376
563909 0.2408 -0.266591 -0.0257901
564083 0.539027 -0.00409615 0.534931
564262 0.453899 -0.0114362 0.442462
564647 0.0017953 -0.470643 -0.468848
564832 0.00750546 -0.516037 -0.508531
565543 0.539039 -0.0040944 0.534945
566215 0.168735 -5.39934 -5.23061
566367 0.555353 -0.0391321 0.516221
566520 0.039135 -0.555349 -0.516214
566675 0.55535 -0.0391343 0.516216
566829 0.0391341 -0.555324 -0.51619
567026 5.01786 -0.0791857 4.93868
567251 0.302952 -5.24213 -4.93917
568040 0.555322 -0.039136 0.516186
568195 0.0391352 -0.555343 -0.516208
568562 0.555343 -0.0391359 0.516207
568725 0.0391364 -0.555351 -0.516214
569045 0.555326 -0.0391377 0.516188
569516 0.0391334 -0.555348 -0.516215
569847 0.555326 -0.0391347 0.516192
570005 0.0391361 -0.555331 -0.516195
570158 0.555329 -0.0391359 0.516193
570310 0.0391332 -0.555348 -0.516215
570589 0.555344 -0.0391357 0.516209
570916 0.0391297 -0.555348 -0.516218
571077 0.555315 -0.0391332 0.516181
571350 0.0391366 -0.555354 -0.516217
571754 0.555349 -0.0391325 0.516216
571908 0.0391328 -0.555345 -0.516212
572819 4.93815 -0.111917 4.82623
572998 0.570954 -0.0196563 0.551298
573359 0.28316 -0.248753 0.0344066
573556 0.0180219 -0.530768 -0.512746
573739 0.517303 -0.0198174 0.497485
573921 0.0198129 -0.517293 -0.49748
574097 0.229144 -0.301987 -0.0728434
574274 0.464571 -0.0230597 0.441511
574460 0.311953 -0.210998 0.100955
574641 0.0197486 -0.489356 -0.469608
574830 0.347988 -0.0319927 0.315996
575006 0.212853 -0.295219 -0.0823662
575183 0.0376141 -0.492329 -0.454715
575363 0.228151 -0.297418 -0.0692668
575536 0.458644 -0.0152474 0.443397
576135 0.0152519 -0.458644 -0.443392
576335 0.140857 -4.74952 -4.60866
576937 0.555348 -0.0391342 0.516214
577091 0.0391373 -0.555326 -0.516189
577247 0.555328 -0.0391365 0.516191
577399 0.0391327 -0.555318 -0.516186
577552 0.555318 -0.0391275 0.516191
577705 0.0391317 -0.555326 -0.516194
578823 2.31671 -2.31671 -3.47994e-06
579510 0.55535 -0.0391334 0.516217
579664 0.0391347 -0.555348 -0.516213
579960 1.05699 -0.540815 0.516173
580123 0.540825 -0.540794 3.11744e-05
580278 0.0391357 -0.55535 -0.516215
580450 2.31671 -2.31669 1.65374e-05
581139 0.555322 -0.0391338 0.516188
581293 0.0391356 -0.555346 -0.516211
581583 0.555345 -0.0391345 0.51621
581735 0.0391329 -0.555326 -0.516193
582338 0.555324 -0.0391309 0.516193
582496 0.0391339 -0.555348 -0.516214
583013 0.555328 -0.0391322 0.516195
583165 0.0391392 -0.555321 -0.516181
583322 0.555328 -0.0391369 0.516191
583475 0.0391343 -0.555347 -0.516212
583650 4.57504 -4.57505 -1.28087e-05
583931 0.55532 -0.0391347 0.516185
584088 0.0391355 -0.555321 -0.516185
584241 0.555321 -0.0391336 0.516188
584408 0.0391381 -0.555322 -0.516184
584690 0.555352 -0.0391366 0.516215
584850 0.0391359 -0.555328 -0.516192
585375 0.555339 -0.0391363 0.516203
585842 0.0391342 -0.555319 -0.516185
585996 0.555348 -0.0391372 0.51621
586151 0.0391317 -0.555353 -0.516222
586303 0.55535 -0.0391361 0.516214
586456 0.0391349 -0.555348 -0.516213
587257 4.99491 -0.148388 4.84652
587445 0.148382 -4.99486 -4.84648
587717 0.555321 -0.0391335 0.516188
587878 0.0391329 -0.555344 -0.516211
588054 2.31672 -2.31671 4.65463e-06
588208 0.555346 -0.0391344 0.516212
588491 0.0391325 -0.55535 -0.516218
588672 5.12106 -0.165729 4.95533
589496 0.55974 -0.642974 -0.083234
589678 0.258506 -0.259282 -0.000775755
590473 0.156393 -5.02763 -4.87124
591029 0.555322 -0.0391347 0.516188
591184 0.0391368 -0.555323 -0.516186
591337 0.55535 -0.0391325 0.516217
591625 0.039137 -0.555343 -0.516206
591895 0.555322 -0.0391348 0.516188
592438 0.0391329 -0.555343 -0.51621
592711 0.555324 -0.0391345 0.516189
592865 0.0391382 -0.555341 -0.516203
593026 0.555349 -0.0391349 0.516214
593178 0.0391339 -0.555348 -0.516214
593336 0.555336 -0.0391346 0.516202
593490 0.0391332 -0.555335 -0.516202
593647 0.555322 -0.0391293 0.516193
593801 0.0391396 -0.555319 -0.51618
593954 0.555345 -0.0391356 0.516209
594122 0.540824 -0.540812 1.21922e-05
594275 0.0391363 -0.555333 -0.516196
594571 2.3167 -2.3167 3.34235e-06
594729 0.555322 -0.0391376 0.516184
594882 0.0391299 -0.555344 -0.516214
595036 0.555339 -0.0391329 0.516207
595191 0.0391368 -0.555325 -0.516189
595348 0.555322 -0.0391358 0.516186
595628 0.0391332 -0.55532 -0.516186
595781 0.55535 -0.0391341 0.516216
595935 0.0391355 -0.555323 -0.516187
596090 0.555329 -0.0391345 0.516194
596254 0.540797 -0.540825 -2.74581e-05
596412 0.0391371 -0.555323 -0.516186
596565 0.555346 -0.0391341 0.516211
596718 0.0391398 -0.555322 -0.516182
597109 0.555353 -0.0391342 0.516219
597389 0.0391331 -0.555344 -0.516211
597545 0.555351 -0.0391368 0.516214
597865 0.0391318 -0.555319 -0.516187
598019 0.555349 -0.0391363 0.516213
598172 0.0391342 -0.555349 -0.516215
598572 0.55533 -0.0391361 0.516194
598727 0.0391332 -0.555325 -0.516192
598878 0.555323 -0.0391361 0.516187
599032 0.039134 -0.555345 -0.516211
599191 0.555266 -0.039135 0.516131
599346 0.0391373 -0.555317 -0.51618
599615 0.555323 -0.0391373 0.516186
599911 0.0391318 -0.555349 -0.516218
600194 0.555335 -0.039137 0.516198
600348 0.039135 -0.555321 -0.516186
600537 4.80159 -0.0158933 4.78569
601160 0.0158932 -4.80157 -4.78568
601571 0.555321 -0.0391259 0.516195
601725 0.0391348 -0.555341 -0.516206
601879 0.555318 -0.0391264 0.516191
602035 0.0391374 -0.555324 -0.516187
602191 0.555346 -0.0391356 0.51621
602369 0.540839 -1.05694 -0.516102
603293 0.555349 -0.039134 0.516215
603957 0.540845 -0.540813 3.22705e-05
604261 0.0391363 -0.555351 -0.516215
605078 0.555322 -0.0391363 0.516185
605235 0.0391354 -0.555344 -0.516209
605554 4.77976 -0.0935904 4.68617
605734 0.0935934 -4.7798 -4.68621
606269 4.78387 -4.78389 -1.69885e-05
606667 0.555344 -0.0391333 0.516211
606821 0.0391356 -0.555349 -0.516213
607532 0.55532 -0.0391335 0.516186
607817 0.0391361 -0.555345 -0.516209
608224 0.555318 -0.0391342 0.516183
608514 0.0391348 -0.555347 -0.516212
609786 0.555329 -0.0391322 0.516197
609941 0.0391348 -0.555324 -0.51619
610094 0.555349 -0.0391348 0.516214
610247 0.0391337 -0.555342 -0.516208
611119 4.79397 -0.0229868 4.77098
611292 0.0229805 -4.79406 -4.77108
611721 2.3167 -2.31671 -7.6306e-06
612119 0.555343 -0.0391368 0.516207
612273 0.0391337 -0.555321 -0.516187
612543 0.555325 -0.0391395 0.516186
612698 0.0391401 -0.555319 -0.516179
612851 0.55534 -0.0391326 0.516207
613004 0.0391332 -0.555321 -0.516188
613275 0.555345 -0.0391324 0.516213
613914 0.0391352 -0.555338 -0.516203
614069 0.555328 -0.0391355 0.516193
614224 0.0391343 -0.55532 -0.516185
614647 0.555332 -0.0391326 0.516199
614947 0.0391342 -0.555332 -0.516197
615576 5.03273 -0.190708 4.84202
615774 0.190697 -5.03273 -4.84203
616164 0.555347 -0.0391363 0.51621
616319 0.039133 -0.555348 -0.516215
616848 0.555326 -0.0391358 0.51619
617132 0.0391299 -0.555352 -0.516222
617522 0.555327 -0.0391361 0.516191
617681 0.0391373 -0.55532 -0.516183
618302 0.555325 -0.0391323 0.516193
618455 0.0391345 -0.555348 -0.516213
618742 0.555344 -0.0391296 0.516214
619219 0.0391349 -0.555339 -0.516204
619377 0.555323 -0.0391331 0.51619
619528 0.0391357 -0.555347 -0.516211
620469 2.31671 -2.3167 1.19546e-05
620621 0.55535 -0.0391266 0.516223
620775 0.0391375 -0.555349 -0.516212
620931 0.555351 -0.0391376 0.516214
621092 0.0391325 -0.555349 -0.516217
621794 0.555353 -0.0391368 0.516216
621961 0.0391365 -0.555344 -0.516207
622144 2.31671 -2.3167 1.21426e-05
623993 0.555322 -0.0391361 0.516186
624158 0.540821 -0.540789 3.18049e-05
624312 0.0391384 -0.555345 -0.516207
624468 0.55532 -0.0391341 0.516186
624619 0.0391311 -0.555322 -0.516191
625077 0.555325 -0.0391347 0.516191
625647 0.0391325 -0.555322 -0.51619
626288 0.555349 -0.0391368 0.516212
626568 0.0391324 -0.55532 -0.516187
626721 0.555345 -0.0391324 0.516213
626879 0.0391335 -0.555325 -0.516192
627033 0.555343 -0.0391375 0.516206
627186 0.0391347 -0.555327 -0.516192
627340 0.555347 -0.0391365 0.516211
627494 0.0391348 -0.555348 -0.516213
627656 0.555322 -0.0391365 0.516185
627808 0.039138 -0.555326 -0.516188
628270 0.555354 -0.0391365 0.516218
628438 0.0391341 -0.555322 -0.516188
628593 0.555349 -0.0391305 0.516219
628868 0.039136 -0.555353 -0.516217
629021 0.555348 -0.0391359 0.516212
629174 0.0391335 -0.555326 -0.516193
629819 0.555341 -0.0391329 0.516208
629976 0.0391346 -0.555341 -0.516206
630444 0.555348 -0.039132 0.516216
630597 0.0391341 -0.555333 -0.516199
631182 0.555319 -0.0391341 0.516185
631336 0.0391384 -0.555352 -0.516214
631741 0.555344 -0.0391366 0.516208
631894 0.0391324 -0.555316 -0.516184
632370 0.555322 -0.0391348 0.516187
632527 0.0391335 -0.555352 -0.516219
632681 0.55532 -0.0391333 0.516187
632834 0.0391323 -0.555349 -0.516216
633008 2.31671 -2.3167 5.85436e-06
633322 2.31671 -2.3167 9.69307e-06
634475 0.555353 -0.039139 0.516214
634633 0.0391336 -0.555349 -0.516216
635280 0.555332 -0.0391397 0.516192
635446 0.0391393 -0.555323 -0.516184
635729 5.45585 -5.45587 -2.03982e-05
636002 0.555319 -0.0391395 0.51618
636156 0.0391357 -0.555328 -0.516192
637204 0.555321 -0.0391345 0.516187
637356 0.0391363 -0.555346 -0.51621
637510 0.555351 -0.0391343 0.516216
637848 0.540796 -0.540807 -1.08614e-05
638003 0.0391389 -0.555323 -0.516184
638571 5.05469 0.00487207 5.05956
638937 0.00700557 -5.06498 -5.05797
639379 0.555333 -0.0391362 0.516197
639662 0.0391382 -0.555344 -0.516205
639837 2.31671 -2.3167 2.83258e-06
640008 0.555321 -0.0391369 0.516184
640168 0.0391364 -0.555322 -0.516186
640533 5.12457 0.00168456 5.12625
640710 0.352672 -0.559632 -0.206961
641146 0.0807842 -4.99972 -4.91893
641785 0.555352 -0.0391349 0.516217
641942 0.0391361 -0.555347 -0.516211
642096 0.555351 -0.0391342 0.516217
642579 0.039134 -0.555325 -0.516191
642734 0.555317 -0.0391359 0.516181
642887 0.0391332 -0.555348 -0.516215
643039 0.555346 -0.0391343 0.516212
643192 0.0391402 -0.555326 -0.516186
643709 0.555348 -0.0391333 0.516214
643984 0.0391335 -0.555328 -0.516194
644146 0.555322 -0.0391363 0.516186
644461 0.0391392 -0.555321 -0.516182
644644 2.31671 -2.31671 -9.0218e-07
645166 0.555325 -0.0391382 0.516186
645324 0.0391367 -0.555325 -0.516188
646025 2.3167 -2.3167 -1.30577e-06
646179 0.555319 -0.0391378 0.516181
646343 0.0391372 -0.555327 -0.51619
646522 2.3167 -2.3167 -3.0715e-06
646683 0.555347 -0.0391361 0.51621
646836 0.0391355 -0.555328 -0.516192
647245 0.55533 -0.0391378 0.516193
647400 0.0391345 -0.555323 -0.516188
647815 0.555348 -0.0391307 0.516217
647986 0.540823 -0.540804 1.82635e-05
648318 0.540827 -0.540808 1.89718e-05
648471 0.0391352 -0.555323 -0.516187
648631 0.555346 -0.0391337 0.516212
648927 0.0391343 -0.555326 -0.516191
649109 2.3167 -2.3167 3.27017e-06
649262 0.555349 -0.0391328 0.516216
649429 0.540824 -0.540806 1.78443e-05
649598 0.0391361 -0.555346 -0.51621
649871 0.555347 -0.0391352 0.516212
650162 0.0391369 -0.555346 -0.516209
650507 0.555354 -0.0391363 0.516218
650661 0.0391381 -0.555319 -0.516181
650814 0.555338 -0.0391338 0.516204
650981 0.0391357 -0.555352 -0.516216
651556 2.31671 -2.31671 1.53966e-07
651970 0.555325 -0.0391328 0.516192
652123 0.0391337 -0.555318 -0.516184
652845 0.555346 -0.0391337 0.516212
652999 0.039131 -0.55533 -0.516199
653152 0.55532 -0.0391328 0.516187
653437 0.0391375 -0.555327 -0.516189
654300 0.555323 -0.0391359 0.516187
654451 0.0391395 -0.555325 -0.516186
655104 0.555325 -0.0391333 0.516192
655257 0.0391324 -0.555349 -0.516216
656031 5.04518 0.00135171 5.04653
656228 0.0041809 -5.05071 -5.04653
656503 0.555321 -0.0391361 0.516185
657192 0.0391354 -0.55532 -0.516185
657346 0.555318 -0.0391362 0.516182
657500 0.0391382 -0.555317 -0.516179
657774 0.555331 -0.0391341 0.516197
657927 0.0391375 -0.555325 -0.516188
658081 0.555322 -0.0391326 0.516189
658235 0.0391392 -0.55533 -0.516191
658425 4.76672 -0.0368109 4.72991
658600 0.40276 -5.1325 -4.72974
659002 0.55532 -0.0391322 0.516188
659154 0.0391375 -0.555349 -0.516211
659424 0.555344 -0.0391358 0.516208
659701 0.0391355 -0.555322 -0.516186
659856 0.555352 -0.0391319 0.51622
660142 0.0391359 -0.555346 -0.51621
660448 0.555321 -0.039136 0.516185
660614 0.0391395 -0.555342 -0.516203
660895 0.555354 -0.0391345 0.516219
661049 0.0391345 -0.55532 -0.516185
661330 0.555319 -0.0391361 0.516183
661488 0.0391365 -0.555345 -0.516208
661774 0.555348 -0.0391315 0.516216
661928 0.0391327 -0.555346 -0.516213
662083 0.555349 -0.039136 0.516213
662248 0.0391274 -0.555327 -0.516199
662403 0.555351 -0.0391319 0.516219
662674 0.0391328 -0.55535 -0.516218
663345 0.555325 -0.0391339 0.516191
663498 0.0391317 -0.555346 -0.516214
663652 0.555352 -0.0391327 0.516219
663805 0.0391341 -0.55532 -0.516186
664236 4.80124 -4.80127 -2.66859e-05
665188 0.555343 -0.0391369 0.516207
665342 0.0391363 -0.555326 -0.51619
665615 0.555328 -0.0391377 0.516191
665774 0.0391343 -0.555329 -0.516195
666075 2.31671 -2.31671 1.42408e-06
666229 0.55532 -0.0391341 0.516186
666387 0.0391375 -0.555345 -0.516207
666608 4.95956 -0.234871 4.72469
666780 0.522585 -0.0212288 0.501356
667310 0.240938 -4.95092 -4.70999
667625 0.039137 -0.55535 -0.516213
667804 2.3167 -2.31671 -1.07864e-05
668126 0.555347 -0.0391339 0.516213
668298 0.540838 -0.540791 4.63465e-05
668577 0.0391363 -0.555348 -0.516212
669134 0.555354 -0.0391338 0.51622
669420 0.0391379 -0.555323 -0.516185
670112 0.555354 -0.0391374 0.516217
670348 5.13557 -0.346222 4.78935
670520 0.0326928 -0.420705 -0.388012
670700 0.615957 -5.53342 -4.91746
671149 0.555325 -0.039134 0.516191
671310 0.0391376 -0.55535 -0.516213
671950 0.555345 -0.0391362 0.516208
672233 0.0391345 -0.55533 -0.516196
672509 0.555324 -0.0391362 0.516187
672821 0.039134 -0.555334 -0.5162
673093 0.555328 -0.0391296 0.516198
673246 0.0391372 -0.555321 -0.516184
673516 0.555345 -0.0391363 0.516209
673670 0.0391403 -0.555347 -0.516207
673825 0.555333 -0.0391345 0.516199
673985 0.0391355 -0.555324 -0.516188
674491 0.555322 -0.0391268 0.516196
674645 0.0391354 -0.555348 -0.516212
674836 2.31671 -2.3167 1.47732e-05
675458 0.555323 -0.0391343 0.516189
675786 0.0391327 -0.555323 -0.51619
675939 0.555346 -0.0391329 0.516213
676091 0.0391375 -0.555324 -0.516186
676245 0.555343 -0.0391322 0.516211
676488 5.02745 -0.000931334 5.02652
677144 0.00111058 -0.0042576 -0.00314703
677855 0.0391368 -0.53667 -0.497533
678210 0.00172375 -5.04362 -5.04189
678368 0.555349 -0.0391374 0.516212
678696 5.03856 -0.0762339 4.96233
679467 0.0315445 -0.528796 -0.497251
679667 0.208148 -0.24599 -0.0378419
680023 0.562381 -0.574187 -0.0118066
680334 0.611699 -0.022292 0.589407
680637 0.536401 -0.0356293 0.500772
681176 0.0338885 -0.528967 -0.495078
681547 0.0511187 -0.611258 -0.560139
682075 2.26633 -2.26202 0.00430733
682370 0.214844 -0.334246 -0.119402
682775 0.532764 -0.0330607 0.499703
682945 0.513684 -0.460942 0.0527421
683134 0.0314237 -0.527363 -0.495939
683304 0.539362 -0.0329161 0.506446
683663 0.0329201 -0.539365 -0.506445
683845 0.513798 -0.019173 0.494625
684023 0.469638 -0.979866 -0.510228
684324 0.611311 -0.00759141 0.603719
684697 0.0347127 -0.56293 -0.528217
685068 0.539024 -0.0509861 0.488038
685659 0.0510522 -0.539071 -0.488019
686003 0.545078 -0.0371504 0.507928
686173 0.0356856 -0.54755 -0.511864
686343 0.550433 -0.0458102 0.504623
686517 0.045811 -0.550407 -0.504596
686690 0.546751 -0.0354021 0.511348
686981 0.0353949 -0.546759 -0.511364
687153 0.545527 -0.0315954 0.513932
687325 0.0258417 -0.538361 -0.512519
687911 0.563503 -0.0416582 0.521845
688088 0.0109506 -0.597027 -0.586076
688600 0.0980191 -4.99896 -4.90094
689136 0.555323 -0.0391338 0.516189
689290 0.0391368 -0.555351 -0.516215
689444 0.55532 -0.0391341 0.516186
689599 0.0391405 -0.555326 -0.516186
689809 5.01722 -0.0942328 4.92299
690010 0.31076 -5.2338 -4.92304
690414 0.555351 -0.0391366 0.516214
690568 0.0391349 -0.555357 -0.516222
690841 0.555342 -0.0391343 0.516207
691011 0.039136 -0.555324 -0.516188
691167 0.555325 -0.0391333 0.516192
691319 0.039138 -0.555322 -0.516184
691472 0.555324 -0.0391359 0.516188
691793 0.0391346 -0.555321 -0.516186
692340 2.31672 -2.31671 4.18158e-06
692493 0.555347 -0.0391331 0.516214
692650 0.0391354 -0.555327 -0.516191
692804 0.555352 -0.039134 0.516218
692958 0.0391328 -0.555348 -0.516215
693244 0.555344 -0.0391363 0.516208
693554 0.0391311 -0.555322 -0.516191
694141 0.55532 -0.0391378 0.516182
694294 0.0391351 -0.55532 -0.516185
694646 5.0552 -0.00960727 5.04559
695941 0.00961757 -5.05521 -5.04559
696364 0.555329 -0.0391371 0.516192
696518 0.0391374 -0.555351 -0.516213
697033 0.555345 -0.0391351 0.51621
697522 0.0391304 -0.555328 -0.516197
697811 0.55533 -0.0391331 0.516196
697963 0.0391354 -0.555351 -0.516215
698117 0.555347 -0.0391344 0.516212
698271 0.0391332 -0.555346 -0.516213
698456 2.3167 -2.31671 -5.09172e-06
698830 0.555319 -0.0391369 0.516182
699311 0.0391317 -0.555351 -0.516219
699469 0.55533 -0.0391419 0.516188
699793 0.0391358 -0.555323 -0.516188
699950 0.555328 -0.0391411 0.516187
700555 0.0391349 -0.555329 -0.516194
700709 0.555322 -0.0391346 0.516187
700864 0.0391366 -0.555322 -0.516185
701153 0.555324 -0.0391334 0.51619
701306 0.0391315 -0.55535 -0.516218
701585 0.555342 -0.0391372 0.516205
701737 0.0391335 -0.55535 -0.516217
702056 0.55535 -0.0391309 0.516219
702213 0.0391331 -0.555348 -0.516215
702367 0.555321 -0.039134 0.516187
702520 0.0391338 -0.555347 -0.516214
703517 0.555345 -0.0391349 0.51621
703677 0.0391352 -0.555317 -0.516182
703954 0.555351 -0.0391361 0.516215
704106 0.0391356 -0.555352 -0.516216
704632 0.555351 -0.0391347 0.516216
704988 0.039132 -0.555349 -0.516217
705143 0.555326 -0.0391373 0.516188
705462 0.0391346 -0.555344 -0.51621
705777 0.555326 -0.0391406 0.516185
705935 0.0391274 -0.555357 -0.51623
706897 2.31671 -2.31669 1.61037e-05
707050 0.555348 -0.039134 0.516214
707360 0.0391338 -0.555323 -0.51619
707637 0.555344 -0.0391348 0.516209
707794 0.039133 -0.555325 -0.516192
707973 2.31671 -2.31671 3.66342e-06
708740 0.55532 -0.039133 0.516187
708895 0.0391329 -0.555352 -0.516219
709049 0.555349 -0.0391359 0.516213
709619 0.0391372 -0.555326 -0.516189
709775 0.555345 -0.0391381 0.516207
710401 0.0391338 -0.555328 -0.516194
710555 0.555349 -0.0391343 0.516215
710708 0.0391318 -0.555349 -0.516217
710864 0.555326 -0.0391353 0.516191
711017 0.0391354 -0.555322 -0.516186
711418 0.555329 -0.0391354 0.516194
711576 0.0391329 -0.555346 -0.516213
711729 0.555347 -0.0391321 0.516215
711880 0.0391336 -0.555345 -0.516211
712152 0.55535 -0.0391324 0.516218
712306 0.0391336 -0.555319 -0.516186
712462 0.555344 -0.039132 0.516212
712614 0.0391341 -0.555317 -0.516182
713035 2.3167 -2.3167 5.63521e-06
713421 4.82466 -0.0151734 4.80948
713601 0.538619 -0.0295061 0.509113
713788 0.324768 -0.231255 0.0935129
714156 0.0288635 -0.521656 -0.492793
714356 0.546775 -0.0237864 0.522989
714753 0.023789 -0.546788 -0.522999
714933 0.528653 -0.0264006 0.502253
715111 0.0263971 -0.528652 -0.502255
715652 0.514993 -0.0258486 0.489145
716198 0.39647 -0.0403345 0.356135
716380 -0.000783728 -0.5596 -0.560383
717046 0.519525 -0.354596 0.164928
717223 0.0423146 -0.530933 -0.488618
717680 0.553479 -0.0224788 0.531
717865 0.0224692 -0.553484 -0.531014
718045 0.530932 -0.0423149 0.488617
718413 0.0200009 -0.474614 -0.454613
718598 0.913498 -0.904652 0.00884586
718771 0.519525 -0.0308393 0.488686
718942 0.537337 -0.0167973 0.520539
719108 0.0169201 -0.533953 -0.517033
719286 0.033988 -0.533489 -0.499501
719643 0.503786 -0.0459036 0.457883
720144 0.542446 -0.0237658 0.51868
720340 0.0204482 -0.533648 -0.513199
720710 0.03462 -0.490485 -0.455865
721032 0.223851 -0.336002 -0.112151
721213 0.0219781 -4.83289 -4.81092
721928 5.17055 -0.22915 4.9414
722099 0.204042 -5.14543 -4.94138
722370 0.555341 -0.0391362 0.516205
722525 0.0391312 -0.555324 -0.516193
723060 0.555318 -0.0391327 0.516185
723237 0.0391361 -0.555322 -0.516186
724327 0.555328 -0.0391342 0.516194
724718 0.0391322 -0.555319 -0.516187
724988 0.555324 -0.0391346 0.516189
725141 0.0391299 -0.555322 -0.516192
725682 2.31671 -2.31671 5.93773e-07
725835 0.555343 -0.0391331 0.51621
725987 0.03913 -0.555348 -0.516218
726517 1.05688 -0.54082 0.516062
726675 0.0391415 -0.555325 -0.516183
726828 0.555317 -0.0391387 0.516178
726981 0.0391345 -0.555329 -0.516195
727144 2.3167 -2.3167 -1.34689e-06
727376 4.93224 -0.169847 4.76239
727560 0.624833 -0.0183794 0.606453
727739 0.0183918 -0.624828 -0.606436
728224 0.169831 -4.93225 -4.76242
728496 0.555323 -0.0391364 0.516187
728661 0.540802 -0.54081 -7.19938e-06
728939 0.0391351 -0.555335 -0.5162
729120 2.31671 -2.31672 -3.99945e-06
729284 0.555343 -0.0391342 0.516209
729597 0.0391354 -0.555342 -0.516207
729906 0.555336 -0.0391332 0.516203
730061 0.0391328 -0.555325 -0.516192
731387 0.555353 -0.0391291 0.516224
731541 0.0391344 -0.55535 -0.516216
732115 0.555351 -0.0391342 0.516216
732424 0.0391324 -0.555323 -0.51619
732726 4.57501 -4.57505 -3.9439e-05
732883 0.555319 -0.0391394 0.51618
733206 0.0391333 -0.555347 -0.516213
733517 0.555324 -0.0391355 0.516188
733831 0.0391301 -0.555348 -0.516218
734113 0.555328 -0.0391375 0.516191
734537 0.039134 -0.555326 -0.516192
734690 0.555322 -0.0391409 0.516181
735012 0.0391327 -0.555316 -0.516183
735403 0.555352 -0.0391303 0.516222
735556 0.0391321 -0.555352 -0.51622
736012 5.37595 -0.525285 4.85067
736199 0.336041 -0.217916 0.118124
736508 0.479714 -0.0752755 0.404439
736695 0.0752841 -0.479733 -0.404449
737291 0.524878 -0.0433034 0.481575
738109 0.0257602 -0.540834 -0.515074
738286 0.540832 -0.0257645 0.515068
739012 0.212959 -0.332812 -0.119854
739213 0.149662 -4.96416 -4.8145
739366 0.0391325 -0.555351 -0.516218
739520 0.555319 -0.039127 0.516192
739672 0.0391335 -0.555329 -0.516196
740229 0.555317 -0.0391359 0.516181
740381 0.0391386 -0.555324 -0.516185
740719 0.555346 -0.0391343 0.516212
740871 0.0391362 -0.555325 -0.516188
741411 0.555333 -0.0391338 0.516199
741569 0.0391347 -0.555345 -0.51621
741726 0.555328 -0.0391353 0.516192
742062 0.0391349 -0.555348 -0.516213
742221 0.555325 -0.0391377 0.516187
742504 0.0391344 -0.555326 -0.516192
742658 0.555342 -0.0391357 0.516207
742937 0.0391344 -0.555325 -0.516191
743091 0.555346 -0.0391331 0.516213
743248 0.0391371 -0.555351 -0.516214
743646 0.555329 -0.0391359 0.516193
743798 0.0391303 -0.555346 -0.516215
744239 0.555326 -0.0391351 0.516191
744393 0.0391332 -0.55532 -0.516187
744804 0.555327 -0.0391418 0.516185
744960 0.0391354 -0.555348 -0.516213
745114 0.555341 -0.0391352 0.516205
745714 0.0391393 -0.555349 -0.516209
745869 0.555321 -0.0391363 0.516185
746023 0.0391322 -0.555349 -0.516217
746176 0.555324 -0.0391351 0.516189
746333 0.0391339 -0.555343 -0.516209
746621 0.555325 -0.0391349 0.51619
746775 0.0391326 -0.555353 -0.51622
747054 0.555323 -0.0391346 0.516188
747208 0.0391353 -0.555351 -0.516216
747364 0.555328 -0.0391322 0.516196
747689 0.0391374 -0.55533 -0.516193
747845 0.555345 -0.0391375 0.516207
748287 0.039135 -0.55533 -0.516195
748588 4.32402 -4.32396 5.66348e-05
748743 0.555317 -0.0391327 0.516185
748896 0.0391346 -0.555328 -0.516193
749166 0.55535 -0.0391337 0.516216
749609 0.540823 -0.540796 2.68653e-05
749887 0.0391334 -0.555321 -0.516187
750341 0.555347 -0.0391349 0.516212
750494 0.0391337 -0.555351 -0.516217
750647 0.555321 -0.0391329 0.516188
750806 0.0391347 -0.555348 -0.516213
751077 0.555319 -0.0391392 0.51618
751230 0.0391365 -0.555329 -0.516193
751384 0.555346 -0.0391352 0.516211
751553 0.0391378 -0.555324 -0.516186
752006 5.09367 -5.09364 2.53677e-05
752316 0.555316 -0.0391336 0.516183
752474 0.0391342 -0.555326 -0.516191
752766 0.555329 -0.0391361 0.516192
753071 0.0391323 -0.555346 -0.516213
753252 5.49611 -0.18831 5.3078
753414 0.188307 -5.49608 -5.30777
753572 0.555344 -0.0391365 0.516207
753738 0.0391348 -0.555324 -0.516189
753894 0.555344 -0.0391333 0.516211
754054 0.0391354 -0.55535 -0.516214
754467 0.55535 -0.0391333 0.516217
754779 0.0391368 -0.55535 -0.516213
754935 0.555318 -0.0391349 0.516183
755244 0.0391369 -0.55534 -0.516203
755541 0.555354 -0.039136 0.516218
755699 0.0391342 -0.55532 -0.516185
755854 0.555343 -0.0391353 0.516207
756008 0.0391343 -0.555321 -0.516187
756175 1.05689 -0.540824 0.516068
756328 0.0391371 -0.555345 -0.516208
756603 0.555348 -0.0391313 0.516217
756758 0.0391341 -0.555324 -0.51619
757182 2.31671 -2.31669 1.75712e-05
757341 0.55535 -0.0391369 0.516213
757863 0.0391358 -0.555316 -0.516181
758024 0.555341 -0.0391331 0.516208
758178 0.0391329 -0.555346 -0.516213
758453 0.55532 -0.0391335 0.516186
758892 0.0391403 -0.555327 -0.516187
759052 0.555348 -0.0391332 0.516215
759209 0.0391334 -0.555345 -0.516211
759782 0.555321 -0.0391354 0.516186
759941 0.0391351 -0.555317 -0.516182
760273 0.555347 -0.0391339 0.516213
760427 0.0391337 -0.555344 -0.51621
760836 0.555328 -0.0391386 0.516189
760990 0.0391339 -0.555351 -0.516217
761143 0.555323 -0.0391344 0.516189
761308 0.0391342 -0.555349 -0.516215
761865 2.31671 -2.3167 8.43438e-06
762018 0.555318 -0.0391327 0.516185
762302 0.039137 -0.55535 -0.516213
762587 0.555327 -0.0391388 0.516189
762865 0.0391326 -0.555341 -0.516208
763267 0.555351 -0.0391364 0.516215
763422 0.0391346 -0.555332 -0.516197
763577 0.555356 -0.0391351 0.516221
763730 0.0391319 -0.555341 -0.516209
764819 0.555327 -0.0391371 0.51619
764974 0.0391341 -0.555343 -0.516208
765309 5.20392 -0.248603 4.95532
765483 0.542948 -0.584679 -0.0417309
