57 0.555352 -0.0391362 0.516216
212 0.0391362 -0.555322 -0.516185
389 2.31669 -2.31671 -2.0823e-05
658 5.0958 -5.09581 -9.08457e-06
842 5.56144 -0.162345 5.39909
1014 0.277641 -0.221991 0.0556501
1191 0.0293052 -0.529971 -0.500666
1379 2.09022 -2.06868 0.0215395
1557 0.185948 -0.308888 -0.12294
1735 0.521677 -0.0190954 0.502581
1909 0.0695053 -5.4248 -5.35529
2214 5.3339 -5.33386 3.56971e-05
2374 0.555349 -0.0391342 0.516215
2528 0.0391355 -0.555349 -0.516214
2688 0.555323 -0.0391364 0.516186
2872 0.0391351 -0.555325 -0.51619
3188 0.555322 -0.0391353 0.516187
3357 0.039137 -0.555349 -0.516212
3782 4.7406 -0.00869633 4.7319
3944 0.00870487 -4.74066 -4.73196
4110 0.555346 -0.0391375 0.516209
4588 0.0391329 -0.555325 -0.516192
4745 0.555325 -0.0391343 0.51619
4898 0.0391378 -0.555355 -0.516217
5988 0.555338 -0.0391368 0.516202
6173 5.01663 -0.223246 4.79338
6349 0.0373304 -0.510495 -0.473164
6768 0.170909 -5.00722 -4.83631
7052 0.555347 -0.039135 0.516213
7385 0.0391348 -0.555323 -0.516188
7571 0.555358 -0.0391354 0.516222
7778 0.0391348 -0.555345 -0.51621
7937 0.55533 -0.0391396 0.51619
8090 0.0391374 -0.555344 -0.516207
8260 2.3167 -2.3167 3.15716e-06
8661 0.555323 -0.0391328 0.51619
8815 0.0391336 -0.555348 -0.516214
8967 0.555351 -0.0391358 0.516215
9119 0.0391346 -0.555326 -0.516191
9323 4.79968 -4.79963 4.53895e-05
9504 5.04214 -0.187312 4.85483
9932 0.302278 -0.203174 0.099104
10294 0.170049 -0.361542 -0.191492
10469 0.624829 -0.0183782 0.606451
10647 0.0573678 -0.535032 -0.477664
10836 0.144784 -5.03597 -4.89118
11179 0.555324 -0.0391355 0.516188
11334 0.0391359 -0.555347 -0.516211
11487 0.555344 -0.0391369 0.516207
11650 0.0391334 -0.555322 -0.516188
11807 0.55532 -0.0391356 0.516185
11962 0.0391358 -0.555353 -0.516217
12238 0.55532 -0.0391358 0.516184
12718 0.0391366 -0.555321 -0.516184
12867 0.555348 -0.0391328 0.516215
13020 0.0391337 -0.555323 -0.516189
13314 0.555336 -0.0391369 0.516199
13590 0.0391347 -0.555346 -0.516212
13767 2.3167 -2.31671 -9.35324e-06
14037 0.555319 -0.0391367 0.516182
14197 0.0391342 -0.555349 -0.516214
14878 0.555323 -0.0391368 0.516186
15037 0.0391378 -0.555346 -0.516209
15402 0.555325 -0.0391347 0.51619
15562 0.0391347 -0.555346 -0.516212
16022 4.94734 -0.0880535 4.85929
16210 0.272326 -0.235354 0.0369725
17033 0.562107 -5.45838 -4.89627
17233 5.22749 -0.323204 4.90428
17411 0.183755 -0.161348 0.0224071
17593 0.161345 -0.183773 -0.0224281
18191 0.323164 -5.22749 -4.90433
18820 0.555333 -0.039134 0.516199
19139 0.0391381 -0.555345 -0.516207
19478 5.35698 -5.35697 3.47702e-06
20183 0.555318 -0.0391385 0.516179
20357 0.0391345 -0.55535 -0.516215
20759 0.555356 -0.0391366 0.516219
20913 0.0391351 -0.555348 -0.516213
21073 0.55535 -0.039133 0.516217
21258 0.039134 -0.555348 -0.516214
21568 5.48833 -5.48832 1.41036e-05
22020 0.555346 -0.0391353 0.516211
22173 0.0391333 -0.555327 -0.516194
22322 0.55532 -0.039138 0.516182
22476 0.0391404 -0.555323 -0.516183
22634 0.555322 -0.0391367 0.516185
22786 0.0391347 -0.555329 -0.516194
23111 0.555329 -0.0391323 0.516197
23264 0.0391342 -0.555324 -0.516189
23843 0.555346 -0.0391371 0.516209
24152 0.0391342 -0.555318 -0.516184
25049 0.555324 -0.039134 0.51619
25203 0.039134 -0.555342 -0.516208
25396 4.99126 -0.137934 4.85333
25865 0.318206 -0.190237 0.127969
26476 0.241201 -0.319408 -0.078207
26879 0.0965033 -4.99956 -4.90306
27305 0.555326 -0.0391349 0.516191
27661 0.0391366 -0.555327 -0.516191
27816 0.555346 -0.0391363 0.51621
27985 0.0391371 -0.555349 -0.516212
28269 0.555347 -0.0391356 0.516211
28422 0.0391356 -0.555345 -0.516209
28574 0.555324 -0.0391398 0.516184
28732 0.0391363 -0.555356 -0.516219
29137 0.555325 -0.0391342 0.516191
29416 0.0391378 -0.555325 -0.516187
30302 2.31671 -2.3167 9.24346e-06
30457 0.555343 -0.0391371 0.516206
30882 0.0391359 -0.55535 -0.516214
31773 0.555347 -0.0391364 0.51621
31926 0.0391335 -0.555323 -0.51619
32080 0.555349 -0.0391345 0.516215
32233 0.0391398 -0.555327 -0.516188
32546 5.04371 -0.147502 4.89621
32711 0.27801 -0.24366 0.0343504
33618 0.23959 -0.2388 0.000790597
34180 0.542371 -0.0429994 0.499371
34350 0.0398304 -0.54468 -0.50485
34714 0.541653 -0.0361694 0.505484
35344 0.036168 -0.541652 -0.505484
35512 0.537743 -0.0339143 0.503829
35684 0.537194 -0.0283713 0.508823
36024 0.0283718 -0.537187 -0.508816
36945 0.0339215 -0.537745 -0.503824
37121 0.53028 -0.0315947 0.498685
37290 0.0289144 -0.511831 -0.482917
37475 0.517653 -0.0222871 0.495366
37642 0.0222891 -0.517655 -0.495366
38401 0.521918 -0.0377725 0.484146
38753 0.0394845 -0.532303 -0.492818
38921 0.53414 -0.0510875 0.483052
39273 0.00973348 -0.620076 -0.610343
39629 0.536454 -0.033179 0.503275
39797 0.0217386 -4.81496 -4.79322
39969 0.0391368 -0.555321 -0.516185
40292 0.555348 -0.0391361 0.516212
40831 0.0391389 -0.555345 -0.516206
41149 0.555347 -0.0391361 0.516211
41456 0.0391346 -0.55535 -0.516215
41613 0.55535 -0.0391379 0.516212
41894 0.0391371 -0.555324 -0.516187
42072 2.3167 -2.3167 4.98056e-06
42907 0.55535 -0.0391368 0.516213
43111 4.7785 -4.77852 -1.89871e-05
43278 0.0391384 -0.555322 -0.516183
43435 0.555321 -0.0391364 0.516185
43586 0.039138 -0.555351 -0.516213
43762 5.03937 -0.124528 4.91484
44056 0.124532 -5.03937 -4.91484
44238 5.07042 -5.07039 3.14764e-05
44812 2.31671 -2.3167 1.47086e-05
45579 4.9813 -0.00792849 4.97337
46073 0.00793503 -4.98137 -4.97344
46233 0.555325 -0.039138 0.516187
46387 0.0391391 -0.555324 -0.516185
47060 0.55535 -0.039136 0.516214
47637 0.0391408 -0.555318 -0.516178
47793 0.555349 -0.0391364 0.516213
47960 0.0391361 -0.555345 -0.516209
48802 5.22501 -0.289939 4.93507
49114 0.525029 -0.0258702 0.499159
49302 0.181656 -0.173346 0.00830913
49472 0.243819 -5.17078 -4.92696
49710 5.25147 -0.299833 4.95164
50353 0.036968 -0.549942 -0.512974
51019 0.0800595 -5.03487 -4.95481
51922 0.555324 -0.0391361 0.516188
52232 0.0391344 -0.55535 -0.516216
52675 0.55535 -0.0391343 0.516216
52829 0.0391357 -0.555322 -0.516187
54229 5.06384 -0.00321451 5.06063
54402 -0.00219824 -5.05843 -5.06063
55006 5.11376 -5.11387 -0.00011079
55623 5.0331 -0.109009 4.92409
55824 0.10901 -5.03311 -4.9241
56276 4.99915 -0.110176 4.88897
56628 0.34988 -0.0289954 0.320885
56799 0.0170257 -0.513061 -0.496035
56999 0.0885076 -4.80237 -4.71387
57512 5.0138 -0.103368 4.91043
57680 0.513503 -0.0296736 0.483829
57864 0.0302097 -0.526797 -0.496588
58037 0.53067 -0.0363188 0.494352
58227 0.108454 -4.98437 -4.87592
58815 0.0391346 -0.555323 -0.516189
59554 5.17718 -0.205532 4.97165
60371 0.276549 -0.266882 0.00966661
60547 0.685139 -5.66645 -4.98131
60880 0.555321 -0.0391353 0.516186
61152 0.0391311 -0.555323 -0.516192
61438 0.555355 -0.0391345 0.516221
61601 0.0391345 -0.555323 -0.516189
62287 0.555356 -0.0391359 0.51622
62441 0.0391356 -0.555323 -0.516188
62594 0.55532 -0.0391337 0.516187
62747 0.0391363 -0.555344 -0.516208
63344 5.17609 -0.314201 4.86189
63557 0.570241 -0.0211363 0.549104
64130 0.0428624 -0.526782 -0.48392
64310 0.526791 -0.0428644 0.483926
64506 0.0428736 -0.526788 -0.483914
64676 0.105356 -5.03266 -4.92731
64986 2.3167 -2.3167 -2.32428e-06
65159 2.31671 -2.31671 -3.05778e-06
65312 0.555324 -0.0391319 0.516192
65623 0.0391358 -0.555348 -0.516212
66397 2.3167 -2.31671 -1.2247e-05
67044 2.3167 -2.31671 -1.20146e-05
67243 5.09834 -0.0320939 5.06625
68216 0.0320899 -5.09834 -5.06625
68561 2.31671 -2.31671 -3.92509e-06
68949 0.555341 -0.0391335 0.516207
69219 0.0391342 -0.555322 -0.516188
69373 0.555319 -0.0391346 0.516185
69526 0.0391384 -0.555322 -0.516183
69700 2.3167 -2.31669 6.38607e-06
70125 0.555324 -0.0391334 0.516191
70455 0.0391353 -0.555345 -0.51621
71111 0.555319 -0.0391253 0.516193
71584 0.0391357 -0.555349 -0.516214
72289 0.555348 -0.0391341 0.516214
72457 0.0391361 -0.555327 -0.516191
72778 0.555356 -0.039137 0.516219
73098 0.0391327 -0.555352 -0.516219
73431 5.05478 -0.164218 4.89056
73623 0.28231 -0.000883536 0.281426
76656 0.013459 -0.376688 -0.363229
77046 0.278137 -0.237114 0.0410226
77225 0.24694 -0.28588 -0.0389399
77392 0.51827 -0.0233298 0.49494
77571 0.195685 -4.9852 -4.78951
77736 0.540804 -0.540805 -1.01306e-06
78056 0.0391392 -0.555326 -0.516187
78209 0.555346 -0.0391334 0.516213
78368 0.0391382 -0.555323 -0.516185
79026 5.29723 -0.31091 4.98632
79422 0.319717 -5.30602 -4.9863
79582 0.555353 -0.0391368 0.516217
80038 0.0391337 -0.555346 -0.516212
80374 0.555321 -0.0391347 0.516187
80868 0.039138 -0.555326 -0.516188
81451 2.3167 -2.3167 -1.60949e-08
81669 5.11742 -0.181687 4.93573
81835 0.537102 -0.0326647 0.504438
82007 0.244618 -5.1687 -4.92408
82737 0.0391356 -0.555326 -0.51619
83045 2.31671 -2.3167 6.35354e-06
83558 0.555321 -0.0391342 0.516187
83714 0.0391407 -0.555327 -0.516187
83882 2.3167 -2.31671 -4.42334e-06
84060 4.79445 -4.79445 6.51838e-06
84217 0.555354 -0.0391379 0.516216
84381 0.0391356 -0.555349 -0.516214
84554 5.03875 -0.115779 4.92297
85131 0.2828 -0.301133 -0.0183333
85899 0.509108 -0.0456769 0.463431
86069 0.537961 -0.028318 0.509643
86239 0.0283062 -0.537966 -0.50966
86410 0.045674 -0.509114 -0.46344
86590 0.232806 -0.239725 -0.00691907
86765 0.239748 -0.216309 0.0234393
86955 0.528134 -0.027765 0.500369
87387 0.49984 -0.486143 0.0136971
87947 0.524652 -0.013085 0.511567
88125 0.0131026 -0.524659 -0.511556
88297 0.0269551 -0.537519 -0.510564
88645 0.506126 -0.033466 0.47266
88817 0.0334631 -0.506139 -0.472676
89149 0.551122 -0.0422241 0.508898
89313 0.042218 -0.55112 -0.508902
89645 0.551117 -0.0422153 0.508902
90153 0.0451396 -0.545321 -0.500182
90322 0.542145 -0.0356295 0.506515
90495 0.0289352 -0.531047 -0.502112
90843 0.548638 -0.0242729 0.524366
91013 0.494919 -0.0349543 0.459965
91532 0.0370366 -0.523627 -0.48659
91963 0.249348 -0.236791 0.0125571
92148 0.300832 -0.215355 0.0854771
92524 0.224442 -0.299088 -0.0746461
92700 0.0307777 -0.542152 -0.511374
93256 2.24121 -2.25243 -0.0112257
93445 0.488394 -0.0390284 0.449366
93640 0.0390276 -0.488388 -0.44936
93811 0.257889 -0.267255 -0.00936673
93997 0.553331 -0.0308557 0.522475
94167 0.406767 -0.0174283 0.389338
95546 0.297757 -0.953674 -0.655917
96286 0.00963248 -0.307675 -0.298043
96590 0.260589 -5.14492 -4.88433
97043 0.555353 -0.0391363 0.516217
97205 0.0391363 -0.555348 -0.516212
97366 0.555347 -0.0391348 0.516212
97681 0.0391353 -0.555346 -0.516211
97855 5.13071 -0.200295 4.93042
98388 0.485286 -0.0170669 0.468219
98568 0.0321037 -0.525192 -0.493089
98761 2.25922 -2.21449 0.0447319
99054 0.194574 -5.1449 -4.95033
99491 0.555323 -0.0391357 0.516187
99643 0.0391364 -0.555345 -0.516209
99798 0.555357 -0.0391367 0.51622
99953 0.039136 -0.555319 -0.516183
100446 0.555326 -0.0391333 0.516193
100744 0.0391345 -0.55535 -0.516216
100898 0.55535 -0.0391366 0.516213
101056 0.0391341 -0.555327 -0.516193
101381 0.555321 -0.0391377 0.516183
101746 0.0391366 -0.555325 -0.516188
102743 5.05079 -0.0036275 5.04716
102911 -0.000225689 -5.05078 -5.05101
103561 0.555347 -0.0391362 0.51621
103913 5.0151 -0.140219 4.87488
104475 0.509757 -0.02018 0.489577
104644 0.054053 -0.505553 -0.4515
104815 0.0245768 -0.550111 -0.525534
105608 0.518835 -0.048577 0.470258
105779 0.0265017 -0.522927 -0.496425
106547 0.150992 -5.02847 -4.87748
106697 0.55535 -0.0391348 0.516215
106976 0.0391346 -0.555319 -0.516185
107143 0.555322 -0.0391349 0.516188
107303 0.0391419 -0.55533 -0.516188
107512 5.01152 -5.01154 -1.77554e-05
107789 0.555323 -0.0391373 0.516186
107954 0.0391371 -0.555352 -0.516215
108110 0.555318 -0.0391349 0.516183
108404 0.540806 -0.540807 -9.00126e-07
108558 0.0391347 -0.555338 -0.516203
108741 5.70692 -0.350313 5.35661
108913 0.0535362 -0.49492 -0.441384
109270 0.494922 -0.0535478 0.441374
109443 0.0245132 -0.488123 -0.46361
109801 0.538757 -0.0311566 0.5076
109976 0.136103 -5.02057 -4.88447
110132 0.0391344 -0.555345 -0.516211
110534 0.555347 -0.0391351 0.516212
110687 0.0391331 -0.555328 -0.516195
111223 5.20105 -0.369139 4.83191
111396 0.455377 -0.438744 0.0166332
111754 0.343275 -0.182864 0.160411
111939 0.241626 -0.319552 -0.077926
112436 0.272546 -0.25372 0.018826
112913 0.237834 -0.0135238 0.22431
113291 0.0135077 -0.237825 -0.224317
113688 0.25106 -0.274554 -0.0234937
113867 0.178662 -5.10506 -4.92639
114024 0.555352 -0.0391354 0.516216
114187 0.0391358 -0.555345 -0.516209
114738 2.31671 -2.31671 -1.52583e-06
114901 2.31671 -2.3167 9.54754e-06
115090 5.08448 -5.0845 -1.78351e-05
115493 0.555348 -0.0391351 0.516213
115790 0.0391356 -0.55535 -0.516215
116329 2.31671 -2.3167 1.1278e-05
116617 1.05692 -0.54081 0.516105
116770 0.0391395 -0.555323 -0.516184
117359 2.31671 -2.31671 -5.8369e-06
118041 0.555327 -0.0391355 0.516191
118196 0.0391346 -0.555328 -0.516194
118357 0.555352 -0.0391383 0.516214
118632 0.0391399 -0.555323 -0.516183
118929 0.555351 -0.0391355 0.516215
119214 0.0391362 -0.555329 -0.516193
119872 0.555352 -0.0391358 0.516216
120025 0.0391401 -0.555333 -0.516193
120179 0.555351 -0.0391358 0.516215
120335 0.0391382 -0.555324 -0.516186
120631 5.20143 -0.266979 4.93445
120809 0.276181 -0.275712 0.000469708
121148 0.250595 -0.241248 0.00934752
121317 0.533136 -0.0199361 0.5132
121488 0.0199253 -0.533132 -0.513207
121831 0.235686 -0.248199 -0.0125125
122478 0.467906 -0.0398636 0.428042
123031 0.0398612 -0.467903 -0.428042
123209 0.518309 -0.0296142 0.488695
123603 0.0296145 -0.518308 -0.488693
124016 0.232142 -0.265833 -0.0336911
124184 0.520726 -0.0331791 0.487546
124367 0.289385 -5.67495 -5.38557
124521 0.55535 -0.039137 0.516213
124859 0.0391348 -0.555349 -0.516214
125168 0.555327 -0.0391375 0.51619
125327 0.039138 -0.555345 -0.516207
125487 0.555328 -0.0391371 0.516191
125640 0.0391343 -0.555353 -0.516218
125982 5.01646 -0.12941 4.88705
126720 0.402965 -0.00190144 0.401064
126912 0.0755091 -4.84759 -4.77208
127623 0.540803 -0.540816 -1.349e-05
128103 0.0391342 -0.555348 -0.516214
128573 5.17095 -0.244519 4.92643
128749 0.244531 -5.17101 -4.92648
129240 5.00937 0.000104107 5.00948
129758 -0.0071465 -5.00208 -5.00923
129937 2.31672 -2.31672 -1.17495e-06
130090 0.55532 -0.0391334 0.516187
130243 0.0391345 -0.555352 -0.516217
130773 0.555324 -0.0391311 0.516193
130956 0.540824 -0.5408 2.38834e-05
131116 0.0391374 -0.555345 -0.516207
131286 5.00882 -0.101105 4.90771
131452 0.101112 -5.00885 -4.90773
131611 0.555351 -0.0391357 0.516215
131888 0.0391341 -0.55532 -0.516186
132051 0.555326 -0.0391377 0.516188
132204 0.0391363 -0.555326 -0.516189
132485 0.555321 -0.0391337 0.516187
132797 0.0391327 -0.555318 -0.516185
133434 0.555323 -0.0391366 0.516187
134050 0.0391356 -0.555349 -0.516214
134207 0.555349 -0.0391366 0.516213
134359 0.0391352 -0.555326 -0.516191
135237 0.555351 -0.0391376 0.516214
135402 0.0391323 -0.555324 -0.516192
135865 0.555322 -0.0391392 0.516183
136019 0.0391302 -0.555323 -0.516192
136172 0.55535 -0.0391359 0.516214
136451 0.0391341 -0.555324 -0.51619
136603 0.555314 -0.0391403 0.516174
136765 0.540837 -1.05704 -0.516203
137888 5.007 -0.103957 4.90304
138521 0.321511 -5.22473 -4.90322
138819 4.84861 -0.0506086 4.798
139004 0.0530989 -4.85114 -4.79804
139162 0.555326 -0.0391358 0.51619
139326 0.0391373 -0.555325 -0.516188
139642 0.555348 -0.0391362 0.516212
139803 0.0391363 -0.555315 -0.516179
140339 2.31671 -2.31671 -4.0193e-06
140496 0.55532 -0.0391401 0.51618
140661 0.540805 -0.540802 2.83576e-06
140819 0.0391413 -0.555327 -0.516186
141128 4.84955 -0.0291166 4.82043
141307 0.0291114 -4.84952 -4.82041
141461 0.555347 -0.0391368 0.51621
141615 0.0391351 -0.555347 -0.516212
141889 0.555345 -0.0391337 0.516211
142046 0.0391372 -0.555349 -0.516212
142365 5.12825 -5.12832 -7.70959e-05
142725 4.93321 -0.101651 4.83156
142907 0.101629 -4.93313 -4.8315
143063 0.555328 -0.0391375 0.51619
143217 0.0391351 -0.55535 -0.516215
143489 0.555264 -0.039135 0.516129
143647 0.0391395 -0.555329 -0.516189
144336 0.55535 -0.0391377 0.516212
144489 0.0391368 -0.55533 -0.516193
145221 2.31671 -2.3167 1.02531e-05
145375 0.555325 -0.0391338 0.516191
145529 0.039137 -0.555325 -0.516188
145802 0.555329 -0.0391418 0.516187
145962 0.0391368 -0.555322 -0.516185
146120 0.555352 -0.0391345 0.516217
146474 0.0391354 -0.55534 -0.516205
146630 0.555326 -0.0391375 0.516189
146828 0.540838 -0.540809 2.97437e-05
147298 0.540804 -0.540804 -2.05061e-07
147465 0.0391349 -0.555328 -0.516193
148415 0.555322 -0.0391382 0.516183
148568 0.0391356 -0.555353 -0.516217
149630 5.04377 -0.00121114 5.04255
149857 -0.00161619 0.000969606 -0.000646586
150053 0.00119424 -5.04382 -5.04263
150207 0.55532 -0.0391361 0.516184
150370 0.540822 -0.540797 2.49203e-05
150525 0.039135 -0.555326 -0.516191
150742 4.8797 -4.87979 -9.16855e-05
150936 2.3167 -2.3167 -4.7244e-06
151094 0.55533 -0.0391348 0.516195
151574 0.540836 -0.540814 2.19014e-05
151726 0.03913 -0.555349 -0.516219
152232 4.99821 -0.105156 4.89306
152409 0.504202 -0.0324511 0.471751
152574 0.101869 -5.46667 -5.3648
153142 0.555322 -0.0391333 0.516188
153428 0.0391322 -0.555321 -0.516189
153996 0.555324 -0.0391341 0.51619
154168 0.0391343 -0.555321 -0.516187
154345 2.3167 -2.31672 -1.27868e-05
154519 4.8148 -4.81485 -4.53784e-05
155470 0.555322 -0.0391353 0.516187
155622 0.039134 -0.555318 -0.516184
156060 0.555325 -0.0391358 0.516189
156213 0.0391353 -0.555347 -0.516212
156367 0.555323 -0.0391343 0.516188
156521 0.0391357 -0.555328 -0.516193
156712 5.18071 -0.247033 4.93368
156875 0.537548 -0.0280649 0.509483
157045 0.0280594 -0.537554 -0.509495
157268 2.21268 -2.24931 -0.0366318
157776 0.540306 -0.014787 0.525519
158431 0.0147906 -0.540312 -0.525521
158597 0.384543 -0.570881 -0.186338
158976 2.30256 -2.06629 0.236268
159156 0.526671 -0.0218241 0.504847
159338 0.0185816 -0.566915 -0.548334
159719 0.359836 -0.0392854 0.320551
161015 0.014861 -0.537539 -0.522678
162027 0.528051 -0.0253547 0.502696
163175 0.025352 -0.528056 -0.502704
163358 0.263218 -0.25288 0.0103378
163736 0.25693 -0.241926 0.0150041
163919 0.241081 -0.262161 -0.0210802
164088 0.245667 -0.271703 -0.0260352
164370 5.19238 -5.19233 5.05284e-05
164868 0.51679 -0.0250682 0.491722
165042 0.0250798 -0.516794 -0.491714
166025 0.57255 -0.414999 0.157551
166465 0.257151 -0.250624 0.00652747
166776 1.21023 -0.58577 0.624463
