100 0.719999 -0.121194 0.598806
301 0.121196 -0.720001 -0.598805
402 0.720002 -0.121192 0.59881
703 0.121184 -0.720001 -0.598817
1204 0.720009 -0.121194 0.598815
1405 0.121194 -0.720001 -0.598807
1506 5.19514 -5.19511 2.798e-05
1607 0.720002 -0.121177 0.598825
1708 0.121185 -0.720003 -0.598818
1809 0.720006 -0.121198 0.598809
1910 0.121191 -0.720001 -0.59881
2011 0.720003 -0.121177 0.598827
2112 0.121192 -0.720007 -0.598815
2613 0.720004 -0.121202 0.598802
2714 0.121187 -0.719999 -0.598812
3115 0.720004 -0.121178 0.598826
3416 0.121185 -0.720001 -0.598816
4317 0.720005 -0.121187 0.598818
4418 0.121199 -0.72 -0.598801
4619 0.720009 -0.121188 0.598821
4920 0.121196 -0.720003 -0.598807
5021 0.720003 -0.121171 0.598833
5222 0.121202 -0.720003 -0.598801
5423 0.72002 -0.720001 1.87763e-05
5724 2.66588 -2.66588 3.59889e-06
5825 0.720002 -0.121209 0.598794
6326 0.121199 -0.720006 -0.598807
6527 0.720004 -0.121194 0.598809
6628 0.121193 -0.720004 -0.598811
7529 0.720005 -0.121195 0.59881
7630 0.121209 -0.720008 -0.598799
7731 0.720001 -0.121192 0.598809
7832 0.615669 -0.0448802 0.570789
7933 0.0448817 -0.615674 -0.570793
8234 0.615678 -0.0448863 0.570792
8635 0.0448904 -0.615678 -0.570788
8736 0.121197 -0.720002 -0.598806
9037 0.720004 -0.121187 0.598817
9138 0.121189 -0.720006 -0.598817
9239 0.720001 -0.121189 0.598813
9440 0.121178 -0.719996 -0.598818
9741 0.720002 -0.121199 0.598803
9842 0.121198 -0.720008 -0.598811
10043 0.720005 -0.121193 0.598812
10244 0.615669 -0.0448836 0.570785
10345 0.0448882 -0.615677 -0.570789
10446 0.121194 -0.720005 -0.598811
10847 0.720006 -0.121197 0.598808
10948 0.121194 -0.720002 -0.598809
11449 0.72 -0.12117 0.59883
11650 0.121193 -0.720003 -0.59881
11751 0.720003 -0.121197 0.598806
12452 0.121192 -0.720001 -0.598809
12953 0.72 -0.121197 0.598803
13154 0.121193 -0.720006 -0.598813
13255 0.719998 -0.12119 0.598809
13356 0.121186 -0.72 -0.598814
13657 0.720003 -0.121191 0.598812
13958 0.121177 -0.720001 -0.598824
14059 0.720002 -0.121196 0.598806
14160 0.121202 -0.719997 -0.598795
14261 0.720006 -0.121191 0.598815
14562 0.121182 -0.720001 -0.598818
14963 0.720005 -0.121192 0.598813
15364 0.121193 -0.720003 -0.598809
16465 0.720001 -0.121191 0.59881
16566 0.121213 -0.720004 -0.598791
16767 0.720004 -0.121192 0.598812
16868 0.121195 -0.720006 -0.598811
17269 0.720002 -0.121191 0.598811
17370 0.1212 -0.720004 -0.598804
17671 0.720007 -0.121194 0.598812
18172 0.121203 -0.719999 -0.598797
18373 0.720005 -0.121188 0.598817
18474 0.121206 -0.72 -0.598795
18675 0.719999 -0.121193 0.598806
18776 0.121196 -0.720003 -0.598807
18977 0.720002 -0.121177 0.598825
19078 0.121189 -0.720006 -0.598818
19479 0.720002 -0.121203 0.598799
19680 0.121188 -0.72 -0.598812
19781 0.72 -0.121184 0.598816
19982 0.121172 -0.719997 -0.598825
20483 0.72 -0.12119 0.59881
20584 0.121188 -0.72 -0.598812
20885 0.720003 -0.121197 0.598806
20986 0.121199 -0.720002 -0.598803
21287 0.720005 -0.121201 0.598805
21388 0.121201 -0.719998 -0.598797
21589 0.720001 -0.1212 0.598801
21790 0.121193 -0.720002 -0.598809
22391 0.719998 -0.121172 0.598826
22792 0.121189 -0.720007 -0.598819
23493 3.14352 -2.5447 0.598818
23594 0.1212 -0.720004 -0.598805
23695 0.72 -0.121189 0.598811
23796 0.121195 -0.720009 -0.598813
24097 0.72 -0.121193 0.598808
24198 0.121204 -0.720006 -0.598802
24299 0.720005 -0.121189 0.598816
24400 0.12116 -0.720001 -0.598841
24801 3.1677 -2.56894 0.598766
24902 0.121197 -0.720004 -0.598806
25003 0.720002 -0.121189 0.598814
25104 0.121179 -0.720001 -0.598822
25305 0.719997 -0.121206 0.598791
25406 0.121195 -0.720002 -0.598807
25707 0.720002 -0.121175 0.598827
25808 0.615679 -0.0448848 0.570794
26409 0.54813 -0.0340669 0.514063
26510 0.0340718 -0.548126 -0.514054
26611 0.0448905 -0.615673 -0.570782
26712 0.121199 -0.720001 -0.598801
26813 0.720006 -0.121198 0.598808
27014 0.615673 -0.0448825 0.570791
27115 0.0448904 -0.615679 -0.570789
27216 0.121188 -0.720001 -0.598813
27317 0.720003 -0.121195 0.598808
27418 0.121187 -0.720002 -0.598815
28219 0.720006 -0.121187 0.598819
28420 0.615669 -0.0448862 0.570783
28521 0.0448946 -0.615681 -0.570787
28722 0.121192 -0.72 -0.598807
28923 0.720004 -0.121187 0.598817
29024 0.121194 -0.720006 -0.598812
29125 0.720002 -0.121194 0.598809
29326 0.121195 -0.720005 -0.598809
30427 0.720001 -0.121203 0.598798
30528 0.121197 -0.720002 -0.598805
30629 0.720001 -0.121195 0.598806
30730 0.121185 -0.720001 -0.598816
31231 0.720001 -0.121193 0.598808
31432 0.1212 -0.720005 -0.598805
31833 0.720002 -0.121206 0.598795
32034 0.121196 -0.720007 -0.598812
32235 0.72 -0.1212 0.5988
32436 0.615674 -0.0448862 0.570787
32537 0.0448829 -0.615667 -0.570784
32838 0.121181 -0.720007 -0.598826
33139 0.720002 -0.121185 0.598817
33340 0.121199 -0.720005 -0.598806
33841 0.720004 -0.121189 0.598816
33942 0.121201 -0.720002 -0.598801
34443 0.720002 -0.121195 0.598806
34544 0.121182 -0.720002 -0.59882
34845 0.72 -0.121183 0.598817
34946 0.12118 -0.719998 -0.598818
35447 0.720003 -0.121204 0.598799
35548 0.121193 -0.720008 -0.598815
35849 0.720003 -0.121193 0.598809
35950 0.121199 -0.720003 -0.598804
36251 0.720008 -0.121203 0.598805
36352 0.121176 -0.720006 -0.59883
36453 2.66588 -2.66588 1.5859e-06
36554 0.719999 -0.121189 0.59881
36855 0.121168 -0.719999 -0.59883
37256 0.720006 -0.121205 0.598801
37457 0.615678 -0.0448944 0.570783
37558 0.0448868 -0.615675 -0.570789
37659 0.121197 -0.720007 -0.598809
37760 0.72 -0.121195 0.598806
37861 0.121192 -0.720002 -0.598811
37962 0.720005 -0.121198 0.598807
38063 0.121192 -0.720004 -0.598811
38164 0.720002 -0.121202 0.5988
38265 0.121197 -0.720008 -0.598811
38366 0.719999 -0.121149 0.598849
38467 0.121198 -0.720004 -0.598806
38568 0.720003 -0.121194 0.598809
38669 0.121204 -0.720003 -0.598799
40070 0.720001 -0.121186 0.598814
40271 0.121194 -0.720002 -0.598807
40572 0.720007 -0.121193 0.598814
40673 0.121195 -0.720002 -0.598807
41074 0.72 -0.121183 0.598817
41175 0.121167 -0.719998 -0.59883
42076 0.720001 -0.121181 0.59882
42177 0.121178 -0.720005 -0.598827
42278 0.72 -0.121201 0.598799
42379 0.121176 -0.720001 -0.598825
42480 3.66708 -3.06832 0.598755
42681 0.121196 -0.720004 -0.598808
42782 0.720004 -0.121199 0.598805
42883 0.121186 -0.719999 -0.598814
42984 0.719999 -0.12119 0.598809
43185 0.12119 -0.719998 -0.598808
43386 0.720005 -0.121197 0.598808
43487 0.121208 -0.720005 -0.598796
43688 0.72 -0.121172 0.598829
43889 0.615669 -0.0448893 0.57078
44190 0.0448906 -0.615679 -0.570788
44391 0.121185 -0.720003 -0.598818
44692 5.73259 -5.73257 2.10396e-05
44793 3.16772 -2.56889 0.598834
44894 0.121202 -0.720008 -0.598807
44995 0.720002 -0.12116 0.598842
45196 0.121165 -0.720003 -0.598839
45297 0.719999 -0.121199 0.5988
45498 0.121191 -0.720003 -0.598812
45599 0.720001 -0.121177 0.598824
45700 0.121194 -0.720006 -0.598812
45801 2.66589 -2.66588 1.3169e-05
45902 0.720005 -0.121194 0.598811
46103 0.121199 -0.719998 -0.5988
46504 0.720003 -0.121182 0.598822
46705 0.121195 -0.720005 -0.59881
46906 0.720006 -0.121194 0.598812
47007 0.121197 -0.720005 -0.598809
47608 0.720002 -0.121193 0.598809
47809 0.121196 -0.720001 -0.598805
47910 0.719998 -0.1212 0.598798
48011 0.121195 -0.720006 -0.598811
48212 0.720011 -0.121193 0.598818
48313 0.121196 -0.720008 -0.598812
48414 0.72 -0.121187 0.598813
48515 0.121206 -0.719997 -0.598791
49016 0.720002 -0.121193 0.598809
49617 0.121195 -0.720004 -0.598809
49718 0.720004 -0.121198 0.598806
49919 0.121198 -0.720003 -0.598805
50320 0.720002 -0.121191 0.598811
50521 0.121195 -0.720004 -0.59881
50622 0.720007 -0.121206 0.598801
50723 0.121184 -0.719998 -0.598815
50824 0.720006 -0.121189 0.598817
50925 0.121203 -0.719999 -0.598796
51426 0.720004 -0.121199 0.598805
51527 0.121199 -0.720006 -0.598807
51628 0.720005 -0.1212 0.598805
51929 0.121182 -0.720001 -0.598819
52330 2.66588 -2.66589 -1.38922e-05
53331 0.720003 -0.121192 0.598811
53432 0.121194 -0.720006 -0.598812
54733 0.719998 -0.121196 0.598803
54834 0.121188 -0.720005 -0.598817
55035 0.720005 -0.121194 0.598811
55236 0.121192 -0.720006 -0.598814
56837 0.720007 -0.121196 0.59881
56938 0.121193 -0.720002 -0.598809
57039 0.720005 -0.121197 0.598809
57140 0.121177 -0.719999 -0.598822
57541 0.720005 -0.1212 0.598805
57642 0.121191 -0.720006 -0.598815
57743 0.720004 -0.121194 0.598811
58444 0.121192 -0.720006 -0.598814
58945 5.60621 -0.285378 5.32083
59046 0.285376 -5.60621 -5.32083
59347 0.720003 -0.121203 0.5988
59448 0.121202 -0.720003 -0.5988
59749 3.14346 -2.54472 0.598746
59850 0.61568 -0.0448908 0.570789
59951 0.044885 -0.615671 -0.570786
60152 0.121188 -0.720002 -0.598814
60253 0.720007 -0.121191 0.598815
60554 0.12119 -0.720005 -0.598815
60755 0.720003 -0.121199 0.598803
60856 0.121193 -0.720001 -0.598807
61157 0.720005 -0.121194 0.598811
61558 0.121179 -0.720003 -0.598824
61859 3.14349 -2.54472 0.598778
61960 0.121154 -0.719999 -0.598845
62261 0.720002 -0.121187 0.598816
62462 0.121195 -0.720004 -0.598808
62763 0.720001 -0.12118 0.598821
62864 0.121198 -0.720003 -0.598805
63065 0.720001 -0.121166 0.598835
63566 0.121183 -0.719997 -0.598814
63667 0.720004 -0.121197 0.598807
63868 0.121185 -0.720004 -0.598819
63969 0.720002 -0.121179 0.598823
64070 0.121201 -0.720005 -0.598804
64271 0.720006 -0.121202 0.598804
64472 0.121186 -0.72 -0.598815
64773 0.719998 -0.121184 0.598814
65074 0.1212 -0.720003 -0.598803
65675 0.720003 -0.121191 0.598812
65776 0.1212 -0.720005 -0.598805
65877 0.720001 -0.121196 0.598805
66278 0.121174 -0.720002 -0.598828
66679 0.720003 -0.121191 0.598812
66980 0.121198 -0.720002 -0.598805
67081 0.72 -0.121186 0.598814
67282 0.121175 -0.719999 -0.598824
67383 0.719996 -0.121197 0.598799
67484 0.121193 -0.719999 -0.598807
67985 2.66588 -2.66588 3.19692e-06
68186 0.720007 -0.121193 0.598814
68287 0.121184 -0.719999 -0.598815
68388 0.720005 -0.121199 0.598806
68489 0.121197 -0.720005 -0.598809
68790 0.720001 -0.121185 0.598816
68891 0.121171 -0.720006 -0.598835
68992 0.720001 -0.121191 0.598809
69093 0.121188 -0.72 -0.598812
69394 0.720006 -0.121191 0.598815
69595 0.121185 -0.720006 -0.598821
69896 0.719999 -0.121188 0.598811
70297 0.12119 -0.720003 -0.598813
70898 0.719998 -0.121191 0.598807
71099 0.615669 -0.0448841 0.570785
71200 0.0448815 -0.615672 -0.570791
71401 2.98831 -2.98832 -5.2827e-06
71502 0.121194 -0.720006 -0.598812
71703 2.66588 -2.66589 -1.28808e-06
71804 0.720003 -0.12119 0.598813
72105 0.121201 -0.720005 -0.598805
72306 0.720004 -0.121193 0.598811
72407 0.121163 -0.72 -0.598837
72508 0.719999 -0.121186 0.598813
72609 0.121203 -0.720006 -0.598803
72910 2.66588 -2.66588 2.657e-06
73111 0.720003 -0.121209 0.598794
73212 0.121198 -0.719999 -0.598801
73313 0.720002 -0.121188 0.598814
73414 0.615672 -0.0448832 0.570789
73515 0.0448819 -0.615672 -0.57079
73616 0.121199 -0.720003 -0.598804
74317 0.719999 -0.121196 0.598802
74418 0.121199 -0.720004 -0.598805
74519 0.719999 -0.121166 0.598833
74620 0.121153 -0.719999 -0.598847
75321 0.720005 -0.121176 0.598829
75822 0.121193 -0.720005 -0.598813
76123 0.720008 -0.121196 0.598812
76624 0.121191 -0.720006 -0.598815
77125 0.720001 -0.121195 0.598806
77226 0.121192 -0.720001 -0.59881
77527 0.720008 -0.121199 0.59881
77628 0.1212 -0.720001 -0.598802
77829 0.720004 -0.121196 0.598808
77930 0.121192 -0.720002 -0.598809
78131 0.720006 -0.121187 0.59882
78832 0.121203 -0.720003 -0.5988
79633 0.720003 -0.121192 0.598811
79834 0.121152 -0.720003 -0.598852
80035 0.720009 -0.121192 0.598817
80436 0.121196 -0.720001 -0.598805
80537 0.719998 -0.121176 0.598822
80938 0.615671 -0.0448808 0.57079
81339 0.044883 -0.615673 -0.57079
81740 0.121161 -0.720001 -0.59884
81841 0.720005 -0.121202 0.598803
82342 0.121184 -0.72 -0.598816
82443 0.720002 -0.121183 0.598819
82744 0.121195 -0.720004 -0.598809
82945 0.720004 -0.121193 0.598811
83246 0.121202 -0.720006 -0.598804
84447 0.720004 -0.121191 0.598813
84548 0.121193 -0.720001 -0.598809
84649 0.720009 -0.121196 0.598812
84750 0.121163 -0.720001 -0.598838
85051 2.66588 -2.66588 7.21469e-06
85252 0.720002 -0.121194 0.598808
85353 0.121194 -0.720005 -0.598812
85654 0.720006 -0.121195 0.598812
85955 0.121192 -0.72 -0.598808
86456 0.719999 -0.121182 0.598817
86757 0.121184 -0.719999 -0.598814
87458 0.720013 -0.121186 0.598827
87659 0.121193 -0.720003 -0.59881
87860 0.719996 -0.121202 0.598794
87961 0.121188 -0.720001 -0.598813
88162 0.720001 -0.121178 0.598823
88363 0.121208 -0.719998 -0.59879
88564 2.66588 -2.66589 -1.01982e-05
88865 0.72 -0.121188 0.598811
88966 0.121197 -0.720003 -0.598806
90467 0.720001 -0.121187 0.598814
90668 0.121186 -0.720007 -0.598821
91369 2.66588 -2.66589 -4.85356e-06
92570 0.720002 -0.121196 0.598806
92771 0.121163 -0.720002 -0.598839
93872 0.720002 -0.1212 0.598802
94173 0.121187 -0.719996 -0.598809
95274 0.720002 -0.12119 0.598813
95475 0.121172 -0.719999 -0.598827
95676 0.719997 -0.121178 0.598819
95777 0.121197 -0.720002 -0.598805
95978 0.720002 -0.121195 0.598807
96079 0.121177 -0.719998 -0.598822
97380 2.66587 -2.66588 -5.8134e-06
97581 0.720001 -0.121193 0.598808
97782 0.121204 -0.720002 -0.598798
97883 0.720003 -0.121195 0.598808
98184 0.121194 -0.720007 -0.598813
98485 0.719996 -0.121194 0.598802
98586 0.121191 -0.720004 -0.598813
98687 0.720003 -0.121168 0.598835
99188 0.121191 -0.719998 -0.598807
99389 2.66587 -2.66589 -1.37471e-05
99790 0.72 -0.121197 0.598803
99991 0.121189 -0.720002 -0.598813
100592 0.72 -0.12119 0.59881
100693 0.121192 -0.720001 -0.598809
101094 0.72 -0.121179 0.598821
101295 0.615682 -0.0448885 0.570794
101396 0.0448807 -0.615674 -0.570793
101497 0.121191 -0.720004 -0.598813
101698 0.719999 -0.121199 0.5988
101799 0.121211 -0.720004 -0.598793
102000 0.720005 -0.121188 0.598817
102401 0.121186 -0.720004 -0.598817
102502 0.720002 -0.121192 0.59881
102603 0.121194 -0.72 -0.598806
102704 0.719998 -0.121187 0.598811
103105 0.121197 -0.720005 -0.598807
103306 0.720004 -0.121178 0.598826
103607 0.121201 -0.719999 -0.598797
103808 0.720002 -0.121156 0.598846
104009 0.121202 -0.720004 -0.598802
105010 0.720002 -0.121181 0.598821
105111 0.121195 -0.720002 -0.598807
105312 0.720003 -0.121197 0.598806
105413 0.121187 -0.720003 -0.598817
105714 0.720002 -0.121197 0.598804
105815 0.121207 -0.719999 -0.598792
105916 0.720003 -0.121198 0.598806
106117 0.121197 -0.719997 -0.598799
106218 0.72 -0.121188 0.598812
106319 0.121195 -0.720001 -0.598806
106720 0.720001 -0.121197 0.598803
106921 0.121196 -0.720002 -0.598806
107022 0.719997 -0.12118 0.598817
107223 0.121206 -0.720002 -0.598796
107524 0.720004 -0.121197 0.598807
107625 0.121201 -0.72 -0.5988
109026 0.720005 -0.121196 0.598808
109127 0.121186 -0.720006 -0.59882
109228 0.720001 -0.121152 0.598849
109329 0.121205 -0.720008 -0.598803
109530 0.720004 -0.121197 0.598807
109631 0.121197 -0.720002 -0.598805
109832 0.720001 -0.12119 0.598811
109933 0.121196 -0.72 -0.598805
110034 0.720004 -0.121208 0.598797
110135 0.1212 -0.72 -0.5988
110436 0.72 -0.121198 0.598802
110637 0.615679 -0.0448899 0.570789
110938 0.0448816 -0.615668 -0.570786
111039 0.121196 -0.720002 -0.598805
111140 0.72 -0.121198 0.598801
111541 0.121183 -0.720008 -0.598825
111642 2.66588 -2.66587 1.47131e-05
111743 0.720007 -0.121175 0.598832
111844 0.121208 -0.720006 -0.598798
111945 0.720007 -0.121199 0.598808
112046 0.121203 -0.720004 -0.598801
112847 0.720003 -0.121199 0.598804
113048 0.121177 -0.720003 -0.598826
113249 0.720003 -0.121193 0.59881
113350 0.615668 -0.0448835 0.570785
113651 0.0448848 -0.615672 -0.570787
113752 0.121193 -0.720006 -0.598813
114253 0.719996 -0.121191 0.598805
114454 0.121197 -0.72 -0.598803
114955 0.719999 -0.121173 0.598826
115156 0.121201 -0.720006 -0.598804
115457 0.719998 -0.121183 0.598815
115558 0.121194 -0.720004 -0.59881
116359 5.70479 -0.42049 5.2843
116460 0.188443 -5.47265 -5.2842
116861 0.720004 -0.121197 0.598807
116962 0.121211 -0.720002 -0.598791
117263 0.719999 -0.121191 0.598808
117564 0.121205 -0.72 -0.598795
117865 0.720006 -0.121192 0.598814
117966 0.61568 -0.0448957 0.570785
118067 0.0448879 -0.615668 -0.570781
118168 0.121193 -0.720002 -0.598809
118269 0.720003 -0.121191 0.598813
118470 0.121197 -0.720003 -0.598807
118671 0.719999 -0.121183 0.598816
118772 0.1212 -0.72 -0.5988
118873 0.720008 -0.121199 0.598809
119074 0.121194 -0.720003 -0.598809
119675 3.14355 -2.54472 0.598828
120176 0.12119 -0.719998 -0.598808
120677 2.66588 -2.66587 6.04015e-06
120778 2.66588 -2.66588 -2.60388e-09
120879 0.72 -0.121197 0.598803
121080 0.121196 -0.720002 -0.598806
121181 0.720001 -0.121193 0.598808
121782 0.121196 -0.720007 -0.598811
122383 0.720003 -0.121199 0.598804
122484 0.121185 -0.720001 -0.598815
122785 0.720002 -0.121189 0.598813
122886 0.121165 -0.72 -0.598835
123187 0.720007 -0.121199 0.598808
123288 0.121197 -0.720007 -0.598811
123389 0.719999 -0.121199 0.5988
123490 0.61567 -0.0448865 0.570783
123591 0.0448887 -0.615679 -0.57079
123792 0.121196 -0.720002 -0.598806
125393 0.719997 -0.121191 0.598806
125494 0.121178 -0.72 -0.598822
125595 0.720001 -0.121193 0.598808
125796 0.12119 -0.719998 -0.598808
126797 0.720004 -0.121193 0.598811
126998 0.12118 -0.720002 -0.598822
127399 0.720002 -0.121168 0.598835
127500 0.121189 -0.719997 -0.598808
128301 0.719998 -0.121174 0.598825
128402 0.615674 -0.044884 0.57079
128503 0.0448885 -0.615679 -0.570791
128604 0.121202 -0.720003 -0.5988
128705 0.720006 -0.121198 0.598808
128806 0.121166 -0.720003 -0.598837
128907 0.719997 -0.121169 0.598828
129008 0.121198 -0.720002 -0.598804
129509 0.719997 -0.121191 0.598806
129710 0.121195 -0.720005 -0.59881
130211 0.720003 -0.121205 0.598798
130312 0.121174 -0.720005 -0.598831
130413 2.66588 -2.66587 8.03958e-06
131514 0.719998 -0.121173 0.598825
131715 0.121193 -0.72 -0.598807
132816 0.719997 -0.121169 0.598828
133217 0.121184 -0.720004 -0.598819
133318 0.720003 -0.121195 0.598808
133519 0.121204 -0.720001 -0.598797
133620 5.19919 -5.19919 2.07016e-06
133721 0.720002 -0.121195 0.598806
133822 0.121193 -0.720005 -0.598812
133923 0.720002 -0.121205 0.598797
134024 0.121202 -0.720005 -0.598803
134225 2.66589 -2.66588 4.88217e-06
134326 0.720003 -0.121202 0.598801
134427 0.121171 -0.72 -0.598828
134728 0.720005 -0.121183 0.598822
134929 0.121193 -0.720003 -0.59881
135030 0.720004 -0.12119 0.598815
135231 0.121195 -0.720007 -0.598813
135332 0.719999 -0.121195 0.598804
135633 0.121185 -0.720008 -0.598823
135834 0.720002 -0.12118 0.598823
135935 0.121191 -0.720004 -0.598813
136436 0.720005 -0.121196 0.598808
136537 0.121193 -0.720005 -0.598812
136738 0.720002 -0.121202 0.5988
136839 3.11268 -3.1127 -2.06744e-05
136940 0.12119 -0.720003 -0.598813
137941 0.720004 -0.121185 0.598818
138342 0.121179 -0.72 -0.598821
138643 3.16771 -2.56889 0.598824
138744 0.121197 -0.720002 -0.598805
139745 0.720004 -0.121181 0.598823
139846 0.121185 -0.720001 -0.598817
140147 0.720003 -0.121192 0.598811
140348 0.121193 -0.720007 -0.598814
141449 0.720003 -0.1212 0.598803
141550 0.121175 -0.720002 -0.598827
141651 0.72 -0.121193 0.598808
141752 0.121191 -0.720002 -0.59881
142453 0.720002 -0.121198 0.598803
142654 0.615676 -0.0448872 0.570789
142755 0.0448795 -0.615673 -0.570794
143056 0.121194 -0.719996 -0.598802
143757 0.720004 -0.121202 0.598801
143858 0.121181 -0.719999 -0.598819
144559 3.6671 -3.06834 0.598763
144760 0.121182 -0.720001 -0.598818
144861 0.719999 -0.121203 0.598796
145462 0.121202 -0.720002 -0.5988
145563 0.720006 -0.121195 0.598811
145664 0.121163 -0.719999 -0.598836
145865 0.720005 -0.121161 0.598844
145966 0.121198 -0.720006 -0.598809
147267 0.72 -0.121203 0.598797
147668 0.121179 -0.72 -0.598822
149769 5.57961 -0.30073 5.27888
149970 0.145915 -5.42477 -5.27886
150271 2.66588 -2.66589 -8.53142e-06
150572 0.719999 -0.121171 0.598828
150973 0.121193 -0.720004 -0.598811
151074 0.720005 -0.121189 0.598816
151275 0.121207 -0.720002 -0.598795
151376 2.66588 -2.66588 7.55066e-06
151477 0.720002 -0.121187 0.598815
151578 0.121181 -0.720003 -0.598822
151879 2.66589 -2.66588 9.55386e-06
153180 0.720002 -0.121198 0.598804
153281 0.12119 -0.720003 -0.598813
153982 0.719998 -0.121155 0.598842
154083 0.1212 -0.720001 -0.598801
154484 0.719999 -0.121207 0.598793
154585 0.121199 -0.720003 -0.598803
154786 0.720005 -0.121191 0.598814
154887 0.121188 -0.720001 -0.598813
154988 0.720001 -0.121189 0.598812
155089 0.121188 -0.720004 -0.598816
155690 0.720004 -0.12118 0.598824
155891 0.121192 -0.720005 -0.598813
156092 0.719999 -0.121193 0.598806
156293 0.121183 -0.719999 -0.598816
156494 3.14349 -2.54471 0.598781
156595 0.12121 -0.720007 -0.598797
156796 0.720004 -0.121186 0.598818
157097 0.121189 -0.720007 -0.598818
157498 0.720007 -0.121185 0.598822
157599 0.121192 -0.719998 -0.598805
157700 0.720002 -0.121193 0.59881
157801 0.121173 -0.720002 -0.598829
158002 0.720006 -0.121193 0.598813
158103 0.121202 -0.720003 -0.598801
158404 0.720003 -0.121189 0.598814
158505 0.121197 -0.720002 -0.598806
159006 0.720008 -0.121192 0.598816
159107 0.121172 -0.719999 -0.598827
159208 0.720006 -0.121192 0.598814
159309 0.121195 -0.720004 -0.59881
159510 0.719997 -0.121184 0.598813
159611 0.121202 -0.719999 -0.598797
159712 0.720003 -0.1212 0.598803
159813 0.121194 -0.719999 -0.598805
159914 0.719998 -0.121172 0.598826
160215 0.121192 -0.720002 -0.59881
160716 0.720005 -0.121188 0.598817
160817 0.121194 -0.720011 -0.598817
160918 0.72 -0.121178 0.598822
161119 0.121193 -0.72 -0.598806
161420 0.720002 -0.121182 0.59882
161521 0.121178 -0.720001 -0.598823
162122 0.720001 -0.121206 0.598795
162223 0.121194 -0.720002 -0.598808
162624 0.720005 -0.121193 0.598812
162825 0.121198 -0.720008 -0.598809
163226 0.720003 -0.121211 0.598792
163327 0.121196 -0.719998 -0.598801
163428 0.720001 -0.121187 0.598814
163629 0.121189 -0.720007 -0.598817
164130 0.720003 -0.121191 0.598811
164331 0.121173 -0.720002 -0.598829
164832 0.719999 -0.121179 0.59882
164933 0.121187 -0.720001 -0.598814
165134 0.720004 -0.121199 0.598806
165235 0.121196 -0.720003 -0.598807
165536 0.720005 -0.12119 0.598815
165637 0.121187 -0.720004 -0.598817
166438 0.72 -0.121178 0.598822
166739 0.121184 -0.720002 -0.598818
166840 0.720006 -0.121198 0.598808
166941 0.121195 -0.720002 -0.598807
167142 0.72 -0.121203 0.598797
167243 0.121182 -0.719998 -0.598817
167444 0.719999 -0.121195 0.598804
167745 0.121189 -0.720003 -0.598814
168046 0.720004 -0.121187 0.598817
168147 0.121197 -0.720002 -0.598805
168548 0.719999 -0.12118 0.598819
168949 0.121197 -0.720006 -0.598809
169750 0.720005 -0.121196 0.598809
170151 0.121181 -0.72 -0.598819
170352 0.720005 -0.121192 0.598812
170453 0.121174 -0.719999 -0.598826
170754 0.720004 -0.121186 0.598818
171155 0.121181 -0.720001 -0.59882
171356 0.720004 -0.121197 0.598807
171657 0.121174 -0.720001 -0.598827
172058 0.720007 -0.121194 0.598813
172159 0.121193 -0.720003 -0.59881
172460 0.720003 -0.121191 0.598811
172861 0.12119 -0.720001 -0.59881
173262 5.62845 -5.62843 1.9606e-05
173763 0.720001 -0.12115 0.598852
173864 0.121203 -0.720004 -0.598801
174065 0.720007 -0.1212 0.598807
174166 0.121193 -0.720002 -0.598809
174267 0.72 -0.121184 0.598816
174368 0.121179 -0.720001 -0.598822
174469 0.720005 -0.121199 0.598806
174770 0.121164 -0.719999 -0.598835
174871 0.719997 -0.121162 0.598835
175072 0.121194 -0.720002 -0.598808
175273 0.719999 -0.121177 0.598821
175374 0.121195 -0.720004 -0.598809
175675 0.720003 -0.121197 0.598806
175776 0.12118 -0.720005 -0.598824
175877 0.720002 -0.121187 0.598815
175978 0.121186 -0.720004 -0.598818
176079 0.720001 -0.121166 0.598835
176280 0.121192 -0.720003 -0.598811
176481 0.720002 -0.121179 0.598823
176782 0.121203 -0.720003 -0.5988
176883 0.720009 -0.121184 0.598825
177084 0.121192 -0.720003 -0.598811
178085 0.720004 -0.121186 0.598818
178186 0.121199 -0.720006 -0.598807
178587 0.720005 -0.121198 0.598807
178888 0.121183 -0.720002 -0.598819
179189 0.720005 -0.121186 0.598819
179690 0.1212 -0.720005 -0.598805
179991 0.720002 -0.121199 0.598804
180092 0.121191 -0.720002 -0.598811
180493 0.720001 -0.121164 0.598838
180594 0.121199 -0.720001 -0.598802
180995 0.720004 -0.1212 0.598805
181096 0.121192 -0.720003 -0.598812
181197 0.720003 -0.1212 0.598803
181498 0.121204 -0.720004 -0.5988
181599 0.720007 -0.121202 0.598805
181700 0.121199 -0.720006 -0.598807
182201 0.720008 -0.121199 0.598809
182402 0.121176 -0.720001 -0.598824
182903 0.720007 -0.121196 0.598811
183004 0.121163 -0.720004 -0.598841
183405 0.720005 -0.121196 0.59881
183506 0.121185 -0.72 -0.598814
184307 0.719996 -0.121187 0.598809
184508 0.121197 -0.719999 -0.598802
184609 0.719996 -0.121179 0.598817
184710 0.61567 -0.0448826 0.570787
184811 0.0448885 -0.615679 -0.57079
184912 0.121193 -0.720003 -0.59881
185313 3.16773 -2.56889 0.598843
185514 0.121186 -0.720001 -0.598815
185615 0.719999 -0.121189 0.59881
185816 0.121189 -0.720007 -0.598818
186117 0.720005 -0.121203 0.598803
186518 0.121208 -0.719998 -0.59879
186719 0.719999 -0.121196 0.598803
187120 0.12116 -0.719999 -0.598839
190221 0.720001 -0.121178 0.598823
190322 0.121186 -0.719999 -0.598813
190423 0.720001 -0.121192 0.59881
190624 0.121188 -0.720008 -0.598819
190825 0.719998 -0.121177 0.598821
191026 0.121198 -0.720005 -0.598807
191927 0.720003 -0.121189 0.598814
192028 0.121158 -0.719997 -0.598838
192529 0.720003 -0.121188 0.598814
192730 0.121193 -0.720002 -0.598809
193331 0.720004 -0.121187 0.598817
193432 0.121193 -0.720006 -0.598813
194133 0.719998 -0.121173 0.598825
194234 0.121178 -0.72 -0.598822
194435 0.719999 -0.121187 0.598812
194636 0.121189 -0.720005 -0.598816
195137 0.719999 -0.121194 0.598806
195238 0.121179 -0.719998 -0.598819
195739 0.719998 -0.12115 0.598848
195840 0.121183 -0.719999 -0.598816
196741 0.719997 -0.121203 0.598794
196842 0.121188 -0.720002 -0.598813
196943 0.720003 -0.121193 0.59881
197144 0.121202 -0.720006 -0.598803
197745 0.720001 -0.121191 0.598809
197846 0.121205 -0.720002 -0.598798
197947 0.720003 -0.121194 0.598809
198148 0.121197 -0.720003 -0.598806
198249 2.66587 -2.66589 -1.68054e-05
198350 0.720002 -0.121181 0.598821
198551 0.121195 -0.719997 -0.598803
198952 0.72 -0.121192 0.598808
199153 0.121193 -0.720005 -0.598812
199254 0.720005 -0.121192 0.598813
199655 0.121198 -0.720004 -0.598806
202156 0.72 -0.121156 0.598844
202257 0.121172 -0.720002 -0.59883
203258 0.719999 -0.121203 0.598796
203559 0.121205 -0.720004 -0.598799
203860 0.720003 -0.12117 0.598833
203961 0.615673 -0.0448861 0.570787
204062 0.044883 -0.615672 -0.570789
204263 0.615669 -0.0448843 0.570785
204364 0.0448919 -0.615681 -0.570789
204465 0.121198 -0.720002 -0.598805
204566 0.720003 -0.121197 0.598806
204667 0.121203 -0.720001 -0.598798
205068 0.720002 -0.121188 0.598813
205169 0.121179 -0.719997 -0.598818
205670 0.72 -0.121181 0.598819
205771 0.121188 -0.720005 -0.598817
206372 0.720003 -0.121185 0.598818
206473 0.121189 -0.720001 -0.598812
206574 0.72 -0.121208 0.598792
206675 0.12116 -0.720003 -0.598842
206876 0.720005 -0.121199 0.598806
207077 0.121198 -0.72 -0.598802
207578 2.66588 -2.66587 1.48768e-05
207679 0.720001 -0.121192 0.59881
207780 0.121199 -0.720003 -0.598805
207881 0.719994 -0.121191 0.598802
207982 0.121193 -0.720002 -0.598809
208083 0.720004 -0.121195 0.598808
208184 0.121159 -0.72 -0.598842
208385 0.720002 -0.121191 0.59881
208486 0.121212 -0.720003 -0.598792
208587 0.72 -0.121192 0.598808
208688 0.121193 -0.720004 -0.598811
209489 0.72 -0.121168 0.598832
209790 0.121187 -0.720012 -0.598825
210091 0.720002 -0.121186 0.598815
210392 0.121192 -0.720001 -0.598809
210493 0.720002 -0.121185 0.598817
210594 0.121152 -0.720003 -0.59885
210795 0.720007 -0.121194 0.598813
210896 0.1212 -0.720001 -0.598801
211097 0.720002 -0.121198 0.598804
211198 0.121173 -0.720003 -0.59883
211499 0.720005 -0.121194 0.598811
211600 0.121204 -0.720002 -0.598798
212601 0.720001 -0.121209 0.598792
212702 0.121182 -0.720003 -0.598821
213403 2.66588 -2.66588 1.15965e-06
213804 0.720003 -0.121194 0.598809
214005 0.121156 -0.719997 -0.598841
214606 0.720002 -0.121194 0.598809
214707 0.1212 -0.720002 -0.598802
215208 0.720001 -0.12119 0.598811
215309 0.121196 -0.719999 -0.598803
215410 2.66588 -2.66588 -1.57453e-06
215611 0.719998 -0.12119 0.598808
215812 0.121196 -0.720001 -0.598805
215913 0.720006 -0.121171 0.598835
216114 0.121203 -0.720001 -0.598798
216315 2.66588 -2.66588 -4.58739e-06
216516 0.720004 -0.121196 0.598808
216717 0.121183 -0.72 -0.598816
217318 0.720006 -0.121195 0.59881
217519 0.121203 -0.719997 -0.598794
217720 2.66589 -2.66589 -4.63834e-06
218021 0.720009 -0.121197 0.598813
218122 0.121196 -0.720002 -0.598806
218223 0.720003 -0.121203 0.5988
218324 0.121173 -0.720004 -0.598831
219025 0.720002 -0.12119 0.598812
219426 0.1212 -0.719999 -0.598799
219527 0.719999 -0.12119 0.598809
219728 0.121172 -0.719998 -0.598826
219929 0.720003 -0.121173 0.59883
220030 0.121193 -0.720005 -0.598812
220231 0.72 -0.121205 0.598795
220332 0.121193 -0.720003 -0.59881
221333 0.720002 -0.121176 0.598825
221534 0.121202 -0.720001 -0.598798
221735 0.720002 -0.121197 0.598806
221836 0.121163 -0.720002 -0.598839
222537 0.720002 -0.121194 0.598808
222938 0.121202 -0.720002 -0.5988
223839 0.72 -0.121197 0.598803
224040 0.121195 -0.720003 -0.598808
224441 0.720002 -0.12119 0.598812
224842 0.121198 -0.720003 -0.598805
225443 0.720001 -0.121197 0.598804
225544 0.1212 -0.720005 -0.598805
225745 0.720004 -0.121182 0.598822
226046 0.1212 -0.720003 -0.598802
226147 0.720005 -0.121201 0.598805
226348 0.121199 -0.720006 -0.598808
226549 2.66588 -2.66589 -9.12378e-06
226750 0.720006 -0.121191 0.598815
226951 0.121192 -0.72 -0.598808
227052 0.720002 -0.121185 0.598817
227353 0.121203 -0.720001 -0.598798
227554 0.720007 -0.121203 0.598804
227655 0.121176 -0.720005 -0.59883
228156 0.720005 -0.121193 0.598811
228357 0.121181 -0.719997 -0.598816
228458 0.720007 -0.121196 0.59881
228559 0.121192 -0.720004 -0.598811
228660 0.720008 -0.1212 0.598808
228761 0.121186 -0.719996 -0.59881
229262 0.720003 -0.121204 0.598799
229663 0.121202 -0.72 -0.598798
229864 0.720007 -0.1212 0.598807
230265 0.121194 -0.720006 -0.598812
231466 0.719999 -0.121208 0.598792
231567 0.121186 -0.72 -0.598814
231668 3.66709 -3.06832 0.598765
231969 0.12119 -0.720004 -0.598815
232670 0.720006 -0.121199 0.598806
232771 0.121199 -0.720001 -0.598802
232872 0.720004 -0.121187 0.598818
233173 0.121179 -0.720002 -0.598823
233574 0.720001 -0.121156 0.598845
233675 0.121198 -0.720001 -0.598803
233976 0.72 -0.12119 0.59881
234077 0.121193 -0.720004 -0.598811
234278 0.720001 -0.121197 0.598804
234379 0.121198 -0.720005 -0.598806
234580 0.720005 -0.121181 0.598824
234881 0.121195 -0.720004 -0.598809
234982 0.720001 -0.121193 0.598808
235083 0.121209 -0.720002 -0.598793
235184 0.719997 -0.1212 0.598798
235285 5.30184 -0.222738 5.0791
235386 2.41531 -7.49441 -5.0791
235587 0.121193 -0.719999 -0.598805
235688 0.720006 -0.121189 0.598817
235789 0.12118 -0.720002 -0.598822
235890 0.72 -0.121172 0.598828
235991 0.121181 -0.72 -0.598819
236092 2.66588 -2.66589 -1.88252e-05
236293 0.72 -0.121196 0.598804
236494 0.615669 -0.0448833 0.570785
236595 0.0448874 -0.615678 -0.57079
236696 0.121199 -0.720003 -0.598804
237097 0.720003 -0.1212 0.598803
237298 0.121177 -0.72 -0.598824
237399 0.720002 -0.121193 0.598809
237500 0.121177 -0.719995 -0.598818
237801 0.719998 -0.121198 0.598801
238102 0.121199 -0.720008 -0.598809
238203 0.720002 -0.121197 0.598804
238304 0.615675 -0.0448895 0.570786
238505 0.0448868 -0.615678 -0.570791
238606 0.121195 -0.720003 -0.598808
239007 3.16772 -2.56893 0.598784
239108 0.121182 -0.72 -0.598818
239209 0.720005 -0.121188 0.598818
239410 0.121192 -0.720003 -0.59881
239611 0.720002 -0.121193 0.598809
239812 0.121192 -0.720001 -0.598809
240213 0.720005 -0.1212 0.598805
240314 0.1212 -0.720009 -0.59881
240415 0.720004 -0.121174 0.59883
240516 0.121193 -0.720006 -0.598813
240817 0.720005 -0.121207 0.598798
240918 0.121183 -0.720002 -0.598819
241019 0.719999 -0.121196 0.598803
241220 0.121188 -0.719997 -0.598809
241321 0.72 -0.121199 0.5988
241622 0.121179 -0.720002 -0.598824
242423 0.720009 -0.121201 0.598808
242724 0.121201 -0.720001 -0.5988
243225 0.720002 -0.12119 0.598811
243326 0.12119 -0.720002 -0.598812
243427 0.720001 -0.121191 0.59881
243528 0.121196 -0.720003 -0.598807
243629 0.719999 -0.121198 0.598801
243830 0.121199 -0.72 -0.598802
243931 0.720003 -0.121175 0.598828
244032 0.121198 -0.720003 -0.598805
244333 5.63476 -0.281844 5.35291
244634 0.612224 -0.0845227 0.527701
244735 0.548305 -0.0338015 0.514503
244836 0.0337995 -0.548307 -0.514508
245037 0.0845265 -0.612216 -0.52769
245238 0.281133 -5.63405 -5.35292
245439 0.720002 -0.121185 0.598817
245540 0.121194 -0.720002 -0.598808
245641 0.719999 -0.121192 0.598807
245842 0.121192 -0.720004 -0.598812
246043 0.720001 -0.121166 0.598835
246344 0.121177 -0.720001 -0.598824
246545 0.720005 -0.121192 0.598813
246646 0.121195 -0.720003 -0.598807
246747 0.720005 -0.1212 0.598804
246948 0.121193 -0.720006 -0.598812
247549 5.1625 -5.1625 5.68934e-06
248150 0.719998 -0.121167 0.598831
248351 0.12121 -0.72 -0.598789
248452 0.720002 -0.121203 0.5988
248753 0.121198 -0.720002 -0.598805
249254 0.719999 -0.121186 0.598813
249455 0.121193 -0.720004 -0.598811
249856 0.720008 -0.1212 0.598809
250057 0.121195 -0.720004 -0.598809
250258 0.720001 -0.121204 0.598797
250359 0.121199 -0.720004 -0.598806
250960 0.72 -0.121217 0.598783
251161 0.121193 -0.720006 -0.598813
252062 0.720007 -0.121194 0.598812
252163 0.1212 -0.719999 -0.598799
252264 0.720004 -0.121191 0.598813
252565 0.121193 -0.720006 -0.598812
253166 0.719999 -0.121178 0.598821
253467 0.615671 -0.0448815 0.57079
253768 0.0448895 -0.61568 -0.57079
253869 0.121184 -0.720005 -0.598821
253970 0.720004 -0.121193 0.598811
254071 0.121195 -0.720008 -0.598813
254172 0.720002 -0.121165 0.598838
254273 0.121195 -0.720007 -0.598812
254474 0.719999 -0.121193 0.598806
254575 0.121199 -0.720001 -0.598802
254976 0.719998 -0.121186 0.598812
255077 0.121191 -0.720003 -0.598812
255178 0.719999 -0.121194 0.598805
255279 0.121194 -0.720005 -0.598811
255380 0.720006 -0.121202 0.598804
255481 0.121196 -0.720001 -0.598805
255782 2.66588 -2.66588 3.24175e-06
256083 0.720003 -0.121175 0.598828
256384 0.12119 -0.719998 -0.598809
256585 0.720003 -0.121178 0.598825
256686 0.121188 -0.72 -0.598812
257187 0.720005 -0.121207 0.598798
257288 0.121194 -0.720006 -0.598812
257889 0.720004 -0.121194 0.59881
257990 0.121186 -0.720002 -0.598817
258491 5.44184 -0.0307677 5.41107
258692 0.113272 -5.52433 -5.41106
258993 0.720003 -0.121183 0.59882
259094 0.121174 -0.720002 -0.598829
259995 2.66588 -2.66589 -8.89904e-06
260096 0.72 -0.121181 0.598819
260297 0.121181 -0.72 -0.598819
261298 2.66588 -2.66587 1.51244e-06
261399 0.720001 -0.121193 0.598808
261500 0.121187 -0.720005 -0.598818
261601 0.720002 -0.121197 0.598805
261702 0.121181 -0.720002 -0.598821
262403 0.720003 -0.121195 0.598809
262504 0.121198 -0.720003 -0.598805
264205 0.720001 -0.12119 0.598811
264306 0.121201 -0.720002 -0.598801
264507 0.720002 -0.121191 0.59881
264708 0.121194 -0.720001 -0.598807
264909 0.720002 -0.121169 0.598833
265310 0.12119 -0.72 -0.59881
265611 0.720003 -0.121195 0.598808
265912 0.121193 -0.720003 -0.59881
266013 2.66587 -2.66588 -1.18561e-05
266814 0.720001 -0.121196 0.598805
267015 0.121199 -0.720005 -0.598806
267216 0.720002 -0.121197 0.598805
267417 0.121201 -0.720005 -0.598804
267518 0.720002 -0.121193 0.598809
267719 0.121175 -0.719999 -0.598824
268120 0.719998 -0.121186 0.598812
268221 0.121193 -0.720008 -0.598815
268422 0.719999 -0.121176 0.598823
268623 0.121194 -0.720006 -0.598812
268824 0.720002 -0.1212 0.598802
269125 0.121194 -0.720003 -0.598809
269626 0.720007 -0.12119 0.598817
269827 0.121195 -0.720004 -0.598809
269928 5.46419 -0.178041 5.28615
270029 0.22585 -0.201422 0.0244278
270130 0.305326 -5.61589 -5.31057
270231 0.719999 -0.121174 0.598825
270532 0.121184 -0.720001 -0.598817
271033 0.719998 -0.121207 0.598792
271234 0.121202 -0.719994 -0.598793
271335 0.72 -0.121187 0.598813
271436 0.121189 -0.720002 -0.598813
271537 0.720004 -0.121189 0.598815
271738 0.121192 -0.720002 -0.59881
272039 0.720001 -0.121187 0.598814
272640 0.615676 -0.0448846 0.570791
272741 0.0448811 -0.615671 -0.57079
272942 0.61568 -0.0448902 0.57079
273043 5.82866 -0.0422997 5.78636
273244 0.287218 -0.29881 -0.0115921
273345 0.0349403 -0.536603 -0.501663
273446 0.070243 -0.629857 -0.559614
273647 0.556716 -0.0277504 0.528966
273748 0.0358213 -0.580683 -0.544862
273949 0.310887 -0.303632 0.00725552
274050 0.081569 -0.625552 -0.543983
274151 0.632303 -0.0870353 0.545267
274352 0.0870304 -0.632302 -0.545272
274453 0.635733 -0.0893853 0.546348
274554 0.339777 -0.293462 0.0463155
274655 0.0917768 -0.639545 -0.547769
274756 0.322998 -0.318602 0.00439531
274857 0.327043 -0.327487 -0.00044468
275058 0.63707 -0.0815923 0.555478
275159 0.079267 -0.650868 -0.571601
275460 0.640232 -0.0988111 0.541421
275561 0.098828 -0.64023 -0.541402
275762 0.681419 -0.115137 0.566282
276163 0.0512672 -0.708243 -0.656976
276464 0.647367 -0.100767 0.546599
276565 0.4019 -0.29523 0.10667
276666 0.311805 -5.63871 -5.3269
276767 0.121207 -0.720002 -0.598795
276868 0.720003 -0.121196 0.598808
277069 0.121188 -0.720004 -0.598815
277270 0.720001 -0.12117 0.598831
277371 0.121198 -0.720005 -0.598807
277472 0.720003 -0.121199 0.598805
277573 0.121182 -0.719999 -0.598817
277774 0.719999 -0.12119 0.598809
277875 0.121199 -0.720004 -0.598805
278076 2.66588 -2.66588 -4.98576e-06
278877 0.719998 -0.121188 0.598809
279078 0.121201 -0.720002 -0.598801
279479 0.720002 -0.121194 0.598808
279580 0.121193 -0.720004 -0.598811
280081 0.719999 -0.121144 0.598855
280182 0.121182 -0.719998 -0.598815
280483 0.720002 -0.12118 0.598823
280584 0.121179 -0.719999 -0.59882
280785 0.720004 -0.121197 0.598806
280886 0.121184 -0.720004 -0.59882
281187 0.720004 -0.121184 0.59882
281488 0.121199 -0.720001 -0.598803
281689 0.72 -0.121182 0.598818
281790 0.121194 -0.719999 -0.598806
282191 0.72 -0.121173 0.598828
282392 0.121195 -0.720003 -0.598808
282893 0.720001 -0.121194 0.598808
282994 0.121186 -0.719999 -0.598813
283095 0.72 -0.121198 0.598803
283296 0.121186 -0.720006 -0.59882
283497 0.720002 -0.121195 0.598807
283698 0.121194 -0.720004 -0.598811
283899 0.72 -0.121187 0.598813
285100 0.121201 -0.720004 -0.598802
285201 0.720003 -0.121192 0.598811
285302 0.121182 -0.719998 -0.598816
285503 0.720004 -0.121187 0.598817
285604 0.121185 -0.720004 -0.598818
286105 0.720005 -0.121198 0.598807
286306 0.121204 -0.720003 -0.598799
287007 0.719998 -0.121189 0.598809
287208 0.121193 -0.720005 -0.598812
287409 0.72001 -0.121188 0.598822
287610 0.121196 -0.720008 -0.598812
287711 0.720005 -0.121203 0.598802
287812 5.52318 -5.52316 2.3493e-05
288113 0.121196 -0.720002 -0.598806
288614 0.719999 -0.121177 0.598822
288915 0.121176 -0.719995 -0.598819
289016 2.66588 -2.66589 -8.01759e-06
289217 0.720004 -0.121196 0.598808
289318 0.121193 -0.719998 -0.598805
289419 0.720003 -0.121207 0.598797
289620 0.121193 -0.720005 -0.598811
289821 0.720002 -0.121192 0.59881
289922 0.121192 -0.720004 -0.598812
290323 0.720007 -0.121196 0.598811
290524 0.121188 -0.720004 -0.598816
291125 0.719999 -0.121177 0.598822
291226 0.121193 -0.720005 -0.598812
291527 0.720003 -0.1212 0.598803
291728 0.121183 -0.720003 -0.598821
291929 0.720002 -0.121195 0.598808
292030 0.121177 -0.720001 -0.598824
292231 0.719998 -0.121187 0.598811
292632 0.615669 -0.0448854 0.570784
292833 0.0448852 -0.615675 -0.57079
293034 0.121199 -0.720006 -0.598807
293135 0.720002 -0.121173 0.598829
293336 0.1212 -0.720002 -0.598802
293437 0.72 -0.121201 0.598799
293638 0.121187 -0.719999 -0.598812
294639 0.720007 -0.121189 0.598818
294940 0.121192 -0.719999 -0.598807
295141 0.720002 -0.121198 0.598805
295242 0.121204 -0.719999 -0.598795
295743 5.62249 -0.311874 5.31062
295844 0.323855 -0.301418 0.0224371
296045 0.2965 -0.29123 0.00527059
296146 2.8321 -2.53492 0.297178
296347 0.0804668 -0.638237 -0.55777
296448 0.637461 -0.084625 0.552836
296549 0.694568 -0.0661288 0.628439
296650 0.305019 -0.292469 0.01255
296851 0.0548456 -0.683415 -0.628569
297052 0.0697035 -0.620935 -0.551231
297153 0.556258 0.00254555 0.558804
297354 0.287387 -0.29737 -0.00998338
297555 0.298167 -0.290751 0.00741572
297756 0.00352235 -0.547872 -0.544349
297857 0.287871 -0.313967 -0.0260958
298258 0.638244 -0.0804754 0.557768
298459 0.590687 -0.086056 0.504631
298560 0.0860457 -0.590676 -0.50463
298661 0.656359 -0.638235 0.0181245
298862 0.00434178 -0.580234 -0.575892
298963 0.303404 -0.313211 -0.00980623
299064 0.559887 -0.0257191 0.534167
299165 0.0257274 -0.559881 -0.534154
299466 0.62478 -0.0864863 0.538294
299567 0.0864759 -0.624777 -0.538301
299668 0.313203 -0.303416 0.00978647
299869 0.304667 -0.30047 0.00419738
299970 0.5538 -0.000348517 0.553452
300171 0.000346089 -0.5538 -0.553454
300272 0.414935 -0.0124913 0.402444
300473 0.0124954 -0.414933 -0.402437
300574 0.318378 -0.31143 0.00694738
300675 0.288652 -5.37725 -5.08859
300876 0.720003 -0.121194 0.598809
301277 0.121188 -0.720002 -0.598814
301378 0.719997 -0.121179 0.598818
301479 0.121183 -0.720002 -0.59882
301580 0.720007 -0.121201 0.598805
301881 0.615678 -0.0448936 0.570784
301982 0.0448828 -0.615668 -0.570786
302183 0.121187 -0.720001 -0.598814
302284 0.720008 -0.121176 0.598831
302385 0.615675 -0.0448883 0.570786
302486 0.0448842 -0.615669 -0.570785
302587 0.121186 -0.72 -0.598814
303188 0.720004 -0.121196 0.598808
303289 0.121183 -0.720002 -0.598819
303490 0.72 -0.12118 0.59882
303591 0.121181 -0.720001 -0.59882
303692 0.720001 -0.121195 0.598805
303793 0.121197 -0.720003 -0.598806
304294 0.720002 -0.121185 0.598818
304695 0.121181 -0.719998 -0.598816
304796 0.720002 -0.121191 0.598812
304897 0.121196 -0.720004 -0.598808
304998 0.720001 -0.121195 0.598806
305199 0.121185 -0.720007 -0.598821
305600 0.720001 -0.12118 0.598821
305701 0.121192 -0.720002 -0.598809
305902 0.720004 -0.121205 0.598799
306003 0.121201 -0.720001 -0.5988
306504 0.719999 -0.121204 0.598795
306605 0.121195 -0.720004 -0.598809
307006 0.720003 -0.121188 0.598815
307107 0.121194 -0.720002 -0.598808
307208 0.720002 -0.121191 0.59881
307409 0.121203 -0.720002 -0.598799
307910 0.720002 -0.121183 0.598819
308011 0.121193 -0.72 -0.598807
308212 3.14347 -2.54473 0.598747
308313 0.121202 -0.720005 -0.598803
308414 0.720003 -0.121196 0.598807
308515 0.121195 -0.720005 -0.59881
308616 0.720002 -0.1212 0.598802
308717 0.121171 -0.720002 -0.598831
309218 0.719998 -0.121178 0.59882
309319 0.121193 -0.720007 -0.598814
309420 0.720004 -0.121202 0.598802
309521 0.121185 -0.720002 -0.598817
309922 0.720006 -0.1212 0.598806
310323 0.121185 -0.720002 -0.598817
310424 0.720001 -0.121197 0.598804
310525 0.121197 -0.720001 -0.598804
311226 5.12864 -5.12862 2.28787e-05
311927 0.720001 -0.121186 0.598814
312028 0.121172 -0.720002 -0.59883
312429 3.1677 -2.56894 0.59876
312630 0.121195 -0.720001 -0.598806
313031 0.720008 -0.121196 0.598812
313132 0.12119 -0.720004 -0.598814
313333 0.720003 -0.121192 0.598811
313434 0.121207 -0.720003 -0.598796
313535 0.720003 -0.121193 0.59881
313736 0.12117 -0.720002 -0.598832
314037 0.720005 -0.121193 0.598812
314138 0.121187 -0.720003 -0.598816
314439 5.52757 -0.110679 5.41689
314540 0.00890008 -5.42579 -5.41689
314641 0.720003 -0.121201 0.598802
314942 0.121205 -0.720004 -0.598799
315143 0.720005 -0.121189 0.598816
315244 0.121193 -0.720005 -0.598812
315745 0.720002 -0.121201 0.598801
315846 0.121194 -0.720003 -0.598809
315947 0.719998 -0.121183 0.598815
316048 0.121195 -0.720004 -0.598809
316149 0.720003 -0.121202 0.5988
316650 0.121197 -0.720005 -0.598808
316751 0.720004 -0.121194 0.59881
316852 0.121198 -0.720006 -0.598807
316953 0.720001 -0.121195 0.598807
317054 0.615668 -0.0448828 0.570785
317155 0.0448896 -0.615677 -0.570787
317356 0.121194 -0.720006 -0.598813
317557 0.720007 -0.121195 0.598813
317658 0.121188 -0.720003 -0.598815
319159 0.720003 -0.121192 0.598811
319460 0.121205 -0.719998 -0.598793
320361 3.14346 -2.54472 0.59874
320462 0.121191 -0.720002 -0.598811
321563 0.720007 -0.121198 0.598809
321864 0.121201 -0.720006 -0.598805
322165 0.719997 -0.121165 0.598833
322266 0.121199 -0.719998 -0.598799
322467 0.720001 -0.121198 0.598804
322768 0.121195 -0.720007 -0.598811
323269 0.719999 -0.121198 0.5988
323570 0.12118 -0.720001 -0.598821
323771 0.720004 -0.121197 0.598807
323872 0.121196 -0.720003 -0.598807
323973 0.720002 -0.121203 0.598798
324474 0.12119 -0.720009 -0.598819
324775 0.719996 -0.121165 0.598831
324976 0.12119 -0.720005 -0.598815
325577 0.720003 -0.121189 0.598813
325878 0.121198 -0.720001 -0.598803
326079 0.719999 -0.121195 0.598804
326180 0.121201 -0.720001 -0.5988
326581 5.53892 -0.172953 5.36597
326682 0.64698 -0.0977785 0.549201
326783 0.0813171 -0.622273 -0.540956
326884 2.40276 -2.46468 -0.061916
327085 0.63861 -0.0881988 0.550411
327186 0.210234 -5.47414 -5.26391
327387 0.121186 -0.720003 -0.598817
327988 0.720001 -0.12118 0.59882
328189 0.12118 -0.720003 -0.598824
328790 0.720002 -0.12119 0.598812
328891 0.121196 -0.720006 -0.59881
329792 0.720001 -0.121192 0.598809
330093 0.121204 -0.720006 -0.598802
330294 0.720004 -0.121191 0.598813
330495 0.121195 -0.720006 -0.598811
330996 0.719999 -0.121168 0.598831
331097 0.121181 -0.720001 -0.598821
331198 0.720004 -0.121193 0.59881
331399 0.121196 -0.719999 -0.598803
331500 0.72 -0.121196 0.598803
331601 0.121176 -0.719999 -0.598822
331702 0.720004 -0.121199 0.598804
331803 0.61567 -0.0448822 0.570787
332104 0.0448781 -0.615669 -0.570791
332205 3.11271 -3.11269 1.82844e-05
332406 0.121185 -0.719999 -0.598814
332507 0.720002 -0.121182 0.59882
332608 0.121178 -0.720006 -0.598827
332709 0.720006 -0.121188 0.598818
332810 0.121187 -0.720007 -0.59882
333011 0.720005 -0.121193 0.598812
333112 0.121191 -0.720002 -0.598811
333913 0.720002 -0.12117 0.598832
334014 0.121187 -0.720002 -0.598815
334515 0.720003 -0.121194 0.598809
334616 0.121183 -0.719998 -0.598816
335117 0.720004 -0.121199 0.598805
335218 0.121193 -0.719999 -0.598806
335419 0.720005 -0.121198 0.598807
335620 0.121199 -0.720003 -0.598804
335921 0.720005 -0.121192 0.598812
336022 0.121196 -0.72 -0.598804
336923 0.720004 -0.121198 0.598806
337024 0.121197 -0.720002 -0.598805
337625 0.720008 -0.121195 0.598814
337726 0.121186 -0.720002 -0.598816
338227 0.720008 -0.121195 0.598813
338528 0.121175 -0.720005 -0.59883
338829 0.720002 -0.121197 0.598804
339030 0.121191 -0.720005 -0.598813
339231 0.720005 -0.12119 0.598815
339332 0.121193 -0.720005 -0.598812
339733 0.720003 -0.121191 0.598811
339834 0.121177 -0.720004 -0.598826
340335 0.719999 -0.121171 0.598828
340636 0.121191 -0.720004 -0.598813
341037 0.720007 -0.121192 0.598814
341138 0.121188 -0.720002 -0.598814
341239 0.720001 -0.121182 0.598819
341340 0.121179 -0.719999 -0.598821
341841 5.05114 -5.05114 7.67948e-07
342342 0.720002 -0.121196 0.598806
342443 0.121191 -0.719998 -0.598808
342744 0.720003 -0.121194 0.598809
342845 0.121193 -0.720004 -0.598811
342946 0.72 -0.121188 0.598811
343047 0.121197 -0.720009 -0.598812
345448 0.720004 -0.121196 0.598808
345549 0.121199 -0.720004 -0.598805
345650 0.719999 -0.121173 0.598826
345951 0.121196 -0.720004 -0.598808
346452 0.719999 -0.121185 0.598814
346553 0.121148 -0.719998 -0.59885
346954 0.719996 -0.121164 0.598833
347055 0.121196 -0.720006 -0.59881
347356 0.720002 -0.121195 0.598807
347557 0.121196 -0.720003 -0.598807
347658 0.720005 -0.121187 0.598818
348159 0.121185 -0.719999 -0.598815
348360 0.719998 -0.121189 0.598809
348461 0.121198 -0.719999 -0.598801
349062 0.720003 -0.12119 0.598813
349263 0.121191 -0.720004 -0.598812
350364 0.720004 -0.121193 0.598811
350465 0.121203 -0.720006 -0.598803
351166 0.720002 -0.121193 0.598808
351467 0.121185 -0.720001 -0.598816
351668 0.720001 -0.121182 0.598819
351869 0.121171 -0.720003 -0.598832
352170 0.720002 -0.121191 0.598811
352271 0.121195 -0.720002 -0.598807
352772 0.720002 -0.121192 0.59881
352873 0.121205 -0.72 -0.598794
353874 0.720001 -0.121193 0.598808
353975 0.1212 -0.720003 -0.598803
354076 0.720003 -0.121167 0.598836
354177 0.121197 -0.720007 -0.59881
354478 0.720003 -0.121173 0.59883
354679 0.12119 -0.720005 -0.598815
354980 0.720003 -0.121198 0.598805
355081 0.121193 -0.720005 -0.598813
355382 0.720001 -0.121183 0.598818
355783 0.121168 -0.720006 -0.598837
356484 0.720004 -0.121195 0.59881
356685 0.121195 -0.720001 -0.598806
357386 0.720001 -0.121176 0.598825
357487 0.121185 -0.719999 -0.598813
358188 0.72 -0.121193 0.598807
358489 0.121196 -0.720002 -0.598806
358590 0.719997 -0.121187 0.59881
359091 0.121207 -0.720001 -0.598795
359192 2.66589 -2.66589 -9.42135e-07
359493 3.14346 -2.54472 0.598735
359594 0.121199 -0.720002 -0.598803
359795 0.719995 -0.121185 0.59881
359996 0.121189 -0.720001 -0.598812
360397 0.719999 -0.121192 0.598807
360698 0.121188 -0.720003 -0.598815
360899 0.720004 -0.121189 0.598815
361100 0.1212 -0.719999 -0.598799
361601 0.719998 -0.121195 0.598803
361902 0.121189 -0.720003 -0.598814
362203 0.720001 -0.121203 0.598798
362304 0.12119 -0.720004 -0.598814
363005 0.720002 -0.121175 0.598827
363206 0.121193 -0.720002 -0.598809
363507 0.720001 -0.121165 0.598836
363608 0.12118 -0.720005 -0.598825
363709 0.720001 -0.121195 0.598805
363910 0.121194 -0.720004 -0.59881
364011 0.720003 -0.121192 0.598811
364112 0.121195 -0.720005 -0.59881
364213 0.72 -0.121196 0.598804
364514 0.121186 -0.720002 -0.598816
364815 0.720001 -0.121199 0.598802
364916 0.121193 -0.719997 -0.598805
365317 0.720005 -0.121188 0.598817
365618 0.121199 -0.720001 -0.598802
365719 0.720003 -0.121194 0.598809
366020 0.121194 -0.720001 -0.598807
366621 0.720001 -0.121162 0.59884
366822 0.121187 -0.720003 -0.598816
367223 0.720001 -0.121206 0.598794
367424 2.56893 -3.16772 -0.598783
367625 0.719997 -0.121201 0.598796
367726 0.121183 -0.719999 -0.598816
367827 0.719999 -0.121179 0.598821
368028 0.121204 -0.720002 -0.598798
368129 0.720001 -0.121197 0.598804
368230 0.12119 -0.720003 -0.598813
368831 2.66587 -2.66588 -8.49459e-06
369032 0.720003 -0.121195 0.598807
369233 0.121189 -0.720003 -0.598814
369434 0.720002 -0.121178 0.598825
369635 0.121193 -0.720005 -0.598811
369836 0.720003 -0.121193 0.59881
369937 0.121167 -0.720004 -0.598837
370338 0.720003 -0.121185 0.598817
370439 0.121202 -0.720003 -0.598801
370540 0.720006 -0.121191 0.598816
370741 0.121185 -0.720001 -0.598816
370942 0.720004 -0.121195 0.598809
371143 0.615672 -0.0448797 0.570793
371444 0.0448883 -0.61568 -0.570792
371545 0.121196 -0.720006 -0.59881
371646 0.720004 -0.121196 0.598809
371947 0.121171 -0.720002 -0.59883
372548 0.720006 -0.121201 0.598806
372649 0.121196 -0.720003 -0.598807
372750 0.720006 -0.12119 0.598816
372851 0.121191 -0.720001 -0.59881
373752 0.719999 -0.121166 0.598832
374153 0.12119 -0.719999 -0.598809
374554 0.720003 -0.121188 0.598814
374755 0.121184 -0.720002 -0.598817
374956 0.719999 -0.121186 0.598813
375057 0.121201 -0.720005 -0.598804
375258 0.720004 -0.121191 0.598813
375459 0.121203 -0.720004 -0.5988
375560 0.719997 -0.121194 0.598803
375661 0.121203 -0.720008 -0.598805
375762 4.9376 -4.93761 -8.19003e-06
376263 0.720001 -0.121197 0.598805
376364 0.121197 -0.720004 -0.598807
376965 0.720003 -0.121192 0.598811
377166 0.61567 -0.0448796 0.570791
377267 0.0448854 -0.615671 -0.570786
377368 0.121197 -0.72 -0.598803
377669 0.719999 -0.121195 0.598804
377870 0.121197 -0.720003 -0.598806
377971 0.72 -0.121198 0.598803
378072 0.1212 -0.720002 -0.598802
378173 0.720002 -0.121188 0.598814
378374 0.121158 -0.72 -0.598842
378475 0.720004 -0.121159 0.598844
378676 0.121202 -0.720008 -0.598806
378977 0.720008 -0.121195 0.598813
379078 0.121193 -0.720002 -0.598809
379479 0.719998 -0.121199 0.598799
379580 0.1212 -0.720004 -0.598804
379681 0.719998 -0.121206 0.598793
379882 0.121183 -0.719997 -0.598813
380383 0.720002 -0.121194 0.598809
380584 0.121165 -0.719998 -0.598834
380685 0.72 -0.121174 0.598825
380786 0.121196 -0.720005 -0.598809
380887 0.720003 -0.12119 0.598813
381088 0.121192 -0.720002 -0.59881
381289 0.720005 -0.121188 0.598818
381390 0.12119 -0.720007 -0.598817
382291 0.720005 -0.121196 0.598808
382392 0.121195 -0.720005 -0.59881
382493 0.720001 -0.121169 0.598832
382694 0.121205 -0.720003 -0.598798
382795 0.719999 -0.121179 0.59882
383096 0.121187 -0.72 -0.598812
383197 0.720004 -0.121165 0.598839
383298 0.121196 -0.720001 -0.598805
384099 0.720003 -0.121166 0.598837
384200 0.121189 -0.720006 -0.598817
384301 0.720004 -0.121198 0.598806
384402 0.121204 -0.720003 -0.598799
384603 0.719998 -0.12118 0.598819
384704 0.121192 -0.720005 -0.598813
385005 0.720003 -0.121203 0.5988
385106 0.12119 -0.720004 -0.598814
385307 0.720006 -0.12119 0.598815
385408 0.121185 -0.720004 -0.59882
385509 0.720002 -0.121197 0.598805
385610 0.121201 -0.720001 -0.598801
385711 3.14346 -2.54472 0.598742
385812 0.121183 -0.72 -0.598817
386013 2.66587 -2.66589 -1.26575e-05
386114 0.720005 -0.12119 0.598815
386215 0.121184 -0.720002 -0.598818
386316 0.720003 -0.121198 0.598805
386417 0.121205 -0.720001 -0.598796
386718 0.720005 -0.121191 0.598814
386819 0.121205 -0.720008 -0.598803
387120 0.720006 -0.12119 0.598816
387221 0.61567 -0.0448845 0.570785
387322 0.0448899 -0.615678 -0.570788
387423 0.121194 -0.720006 -0.598811
388124 0.719997 -0.121167 0.59883
388225 0.121194 -0.719997 -0.598803
388626 0.720005 -0.121197 0.598808
388727 0.12119 -0.720003 -0.598813
389228 0.72 -0.121187 0.598813
389329 0.121178 -0.720002 -0.598824
390030 0.720009 -0.121203 0.598806
390131 0.615666 -0.0448814 0.570785
390232 0.0448838 -0.61567 -0.570786
390433 0.121193 -0.720002 -0.598809
391534 0.719996 -0.121187 0.598809
392035 0.121187 -0.720001 -0.598813
392136 0.720005 -0.121184 0.598821
392237 0.121198 -0.720004 -0.598806
392338 0.720005 -0.121193 0.598812
392539 0.121187 -0.720008 -0.598821
392940 0.720005 -0.121189 0.598816
393041 0.121196 -0.720003 -0.598808
393442 3.16773 -2.56894 0.598791
393643 0.121195 -0.720003 -0.598807
393844 2.66588 -2.66588 6.87893e-06
395045 0.719998 -0.121194 0.598804
395246 0.121168 -0.719998 -0.59883
395347 0.720003 -0.121197 0.598807
395448 0.121195 -0.720005 -0.598809
395849 0.720003 -0.121184 0.598819
396150 0.121179 -0.720004 -0.598825
396851 0.720003 -0.121198 0.598805
396952 0.121161 -0.719999 -0.598837
397453 0.720004 -0.121198 0.598806
397754 0.615681 -0.0448864 0.570795
398055 0.0448823 -0.615671 -0.570789
398556 0.121213 -0.719998 -0.598784
398957 0.719998 -0.121197 0.598801
399058 0.121172 -0.720003 -0.598831
399159 0.720003 -0.121192 0.59881
399260 0.121199 -0.72 -0.598801
399361 0.720001 -0.1212 0.598801
399562 0.121191 -0.720004 -0.598813
399863 5.48139 -0.04373 5.43766
400064 0.0270191 -0.256617 -0.229598
400165 0.0894158 -5.29748 -5.20806
400366 0.720003 -0.121195 0.598808
400467 0.1212 -0.720007 -0.598807
400568 2.66588 -2.66588 -1.23396e-07
400769 0.720002 -0.121176 0.598826
400870 0.121187 -0.719999 -0.598812
401271 0.720001 -0.121194 0.598807
401472 0.121196 -0.720004 -0.598808
401673 0.720009 -0.121197 0.598812
402174 0.121191 -0.72 -0.598809
402375 0.720005 -0.121194 0.598811
402576 0.121182 -0.72 -0.598819
403177 3.14348 -2.54471 0.598776
403278 0.121176 -0.719999 -0.598823
403379 0.72 -0.121182 0.598819
403480 0.121178 -0.720001 -0.598823
403681 0.719999 -0.121173 0.598826
403882 0.121193 -0.720006 -0.598812
404583 0.719998 -0.12118 0.598818
404684 0.121188 -0.719999 -0.598811
404885 0.720001 -0.121187 0.598815
404986 0.12118 -0.719999 -0.598819
405287 0.720002 -0.121184 0.598818
405388 0.1212 -0.720004 -0.598804
405689 0.719998 -0.121187 0.59881
406090 2.54472 -3.14347 -0.598756
406591 0.72 -0.12119 0.59881
406692 0.121195 -0.72 -0.598805
406893 0.720004 -0.121197 0.598807
407194 0.121199 -0.720005 -0.598806
407295 0.720001 -0.121201 0.5988
407496 0.121186 -0.720001 -0.598815
407997 0.720004 -0.12119 0.598814
408198 0.121209 -0.720001 -0.598792
408499 0.720002 -0.121178 0.598824
408900 0.121189 -0.719998 -0.598809
409001 0.720008 -0.121202 0.598807
409202 0.121195 -0.719999 -0.598803
409303 5.54594 -0.0393129 5.50663
409504 0.0393229 -5.54594 -5.50662
409705 0.720007 -0.121198 0.598809
409806 0.121173 -0.720002 -0.598828
410607 0.720001 -0.12119 0.598811
410708 0.121194 -0.72 -0.598806
411009 0.720002 -0.121206 0.598797
411110 0.121167 -0.72 -0.598833
411511 0.72 -0.121197 0.598803
411612 0.121179 -0.72 -0.598821
411813 0.72 -0.121189 0.598812
412014 0.121178 -0.720002 -0.598824
412115 0.72 -0.12119 0.59881
412316 0.121178 -0.719997 -0.598819
412417 0.720003 -0.1212 0.598803
412618 0.121198 -0.720004 -0.598807
413519 0.720004 -0.121196 0.598809
413820 0.615676 -0.0448901 0.570786
413921 0.0448873 -0.615678 -0.570791
414022 0.121194 -0.719999 -0.598805
414423 0.72 -0.121205 0.598796
414624 0.121191 -0.719999 -0.598809
414825 0.72 -0.121208 0.598791
415026 0.121166 -0.719999 -0.598833
415227 0.720003 -0.121186 0.598817
415328 0.12118 -0.720003 -0.598823
415529 0.720007 -0.121203 0.598803
415630 0.121178 -0.720005 -0.598827
416031 0.720001 -0.121202 0.598798
416132 2.98832 -2.98834 -1.28677e-05
416233 0.121182 -0.719997 -0.598815
417434 0.72 -0.121172 0.598828
417735 0.121199 -0.720001 -0.598802
418036 0.719998 -0.12118 0.598818
418237 0.121181 -0.72 -0.598819
418338 0.720003 -0.121186 0.598817
418439 0.121188 -0.720002 -0.598813
418640 0.720002 -0.121203 0.598799
418841 0.121184 -0.720002 -0.598819
419042 0.720001 -0.121186 0.598815
419243 0.121196 -0.72 -0.598805
419344 0.719999 -0.121192 0.598807
419445 0.12119 -0.719999 -0.598808
419546 0.720003 -0.121183 0.59882
419747 0.121198 -0.720004 -0.598806
420448 0.720003 -0.121201 0.598802
420549 0.121194 -0.72 -0.598807
420950 0.72 -0.12119 0.59881
421151 0.121196 -0.720003 -0.598807
421352 0.720001 -0.121188 0.598813
421453 0.121197 -0.720008 -0.598811
421654 0.720006 -0.121202 0.598804
421755 0.121197 -0.720002 -0.598805
421856 3.16771 -2.56894 0.598776
421957 0.121201 -0.720001 -0.598801
422158 0.720003 -0.121196 0.598807
422259 0.121195 -0.720008 -0.598814
422560 0.720002 -0.121159 0.598843
422761 0.121195 -0.720007 -0.598812
423262 0.72 -0.121181 0.598819
423363 0.121193 -0.72 -0.598807
423664 0.720005 -0.121194 0.598811
423765 0.121184 -0.720003 -0.598819
424766 2.66588 -2.66588 -5.93501e-07
425167 0.720002 -0.121201 0.598801
425268 0.121202 -0.720001 -0.598799
425669 0.719997 -0.12118 0.598817
425770 0.121194 -0.720002 -0.598808
426171 0.719996 -0.121175 0.598821
426372 0.121173 -0.720003 -0.598829
426473 0.720002 -0.121194 0.598808
426574 0.121193 -0.719999 -0.598806
426875 0.720003 -0.121181 0.598822
426976 0.121197 -0.720001 -0.598804
427277 0.72 -0.121195 0.598804
427378 0.615671 -0.0448816 0.570789
427479 0.548124 -0.0340711 0.514053
427580 0.0340686 -0.548123 -0.514054
427681 0.044883 -0.615672 -0.570789
427782 0.121197 -0.720005 -0.598808
428183 0.720001 -0.121198 0.598804
428284 0.121183 -0.720006 -0.598823
428385 0.720005 -0.121192 0.598813
428486 0.121202 -0.72 -0.598797
429187 0.720007 -0.121192 0.598815
429288 0.121168 -0.719999 -0.598832
429389 0.720001 -0.121179 0.598822
429490 0.121178 -0.720003 -0.598825
429591 0.719998 -0.121178 0.59882
429892 0.121167 -0.720005 -0.598838
429993 0.719999 -0.121204 0.598795
430394 0.12118 -0.719999 -0.598819
430995 0.720001 -0.121196 0.598805
431196 3.11266 -3.1127 -4.02912e-05
431297 0.12117 -0.719999 -0.59883
431898 0.720006 -0.121194 0.598812
431999 0.1212 -0.720005 -0.598805
432400 2.66588 -2.66589 -1.15343e-05
432801 0.719999 -0.121192 0.598807
432902 0.121184 -0.720002 -0.598818
433103 0.72 -0.121188 0.598812
433304 0.121193 -0.720006 -0.598813
433505 0.720003 -0.121197 0.598806
433606 0.121192 -0.72 -0.598808
433907 0.720003 -0.121199 0.598804
434008 0.121183 -0.72 -0.598817
434209 3.14353 -2.54473 0.598806
434410 0.121199 -0.720004 -0.598806
434511 0.72 -0.12119 0.59881
434612 0.121194 -0.720001 -0.598808
435113 0.72 -0.121179 0.598821
435214 0.121193 -0.720004 -0.598811
435415 5.92119 0.00494233 5.92613
435516 0.00330549 -0.636111 -0.632806
435617 2.50112 -2.456 0.0451202
435818 0.181894 -0.235076 -0.0531815
436019 0.403914 -0.0433633 0.360551
436120 0.64015 -0.0751047 0.565045
436221 0.640115 -0.411233 0.228882
436322 0.0860032 -0.678527 -0.592523
436423 0.0972426 -0.631761 -0.534518
436524 0.406543 -0.00736808 0.399175
436725 0.00743272 -0.406556 -0.399124
436826 0.283012 -0.29172 -0.0087075
437327 0.629017 -0.0945822 0.534434
437628 0.0945886 -0.629013 -0.534424
437729 0.582118 -0.0981138 0.484004
437930 0.076589 -0.605357 -0.528768
438031 0.277444 -0.319416 -0.0419719
438132 0.33352 -0.220471 0.113049
438333 0.220483 -0.333533 -0.113051
438534 0.195005 -5.41213 -5.21713
438635 0.720004 -0.121167 0.598837
438736 0.121191 -0.720001 -0.59881
438837 0.720006 -0.121196 0.59881
438938 0.615679 -0.044891 0.570788
439439 0.0448813 -0.615672 -0.57079
439640 0.121194 -0.720004 -0.59881
439741 0.720001 -0.121189 0.598812
439842 0.121194 -0.720005 -0.598811
439943 0.720001 -0.121194 0.598807
440044 0.121193 -0.720002 -0.598809
440145 0.720004 -0.121199 0.598806
440346 0.121198 -0.720003 -0.598806
442547 0.720002 -0.121195 0.598807
442648 0.121195 -0.72 -0.598806
442949 3.14346 -2.54472 0.598748
443150 0.121193 -0.720002 -0.598809
443251 0.719999 -0.12121 0.598789
443352 0.121203 -0.720002 -0.598799
443553 0.719998 -0.121178 0.59882
443654 0.12118 -0.72 -0.59882
443855 0.72 -0.121186 0.598815
443956 0.121192 -0.720007 -0.598814
444057 0.720003 -0.1212 0.598803
444258 0.121192 -0.720001 -0.598809
444559 0.720001 -0.121195 0.598806
444760 0.121195 -0.720004 -0.598808
444861 0.720005 -0.121186 0.598818
444962 0.121183 -0.72 -0.598817
445263 0.720003 -0.121189 0.598813
445364 0.121194 -0.720005 -0.598812
445665 0.720003 -0.12119 0.598814
446066 0.121194 -0.720001 -0.598807
447067 0.72 -0.121159 0.598841
447268 0.121196 -0.720008 -0.598812
447669 0.72 -0.121192 0.598808
447870 0.121194 -0.720001 -0.598808
448071 3.14347 -2.54472 0.598744
448172 0.121167 -0.720002 -0.598835
448373 0.720007 -0.121194 0.598813
448474 0.121192 -0.720003 -0.598811
448675 0.720006 -0.1212 0.598806
448776 0.121182 -0.72 -0.598818
449377 0.720005 -0.121193 0.598812
449578 0.121186 -0.720007 -0.598821
449779 0.719999 -0.12118 0.598819
450280 0.121178 -0.720002 -0.598824
450481 0.72 -0.121192 0.598807
450682 0.121195 -0.719999 -0.598804
452383 0.720003 -0.121189 0.598814
452584 0.121191 -0.720005 -0.598814
452685 0.720001 -0.121174 0.598827
452886 0.121189 -0.720005 -0.598816
452987 0.720004 -0.121184 0.59882
453388 0.121197 -0.720001 -0.598804
453889 0.720004 -0.121182 0.598821
454090 0.121201 -0.720002 -0.598802
454891 0.720004 -0.121195 0.598809
454992 0.12119 -0.720005 -0.598814
455693 0.720003 -0.121192 0.598811
455794 0.121195 -0.720005 -0.59881
455895 0.720001 -0.121188 0.598813
456096 0.121177 -0.72 -0.598823
456997 0.720007 -0.121194 0.598812
457098 0.121197 -0.720004 -0.598808
457199 0.720001 -0.121162 0.598839
457400 2.56888 -3.16772 -0.598841
458701 0.720002 -0.121166 0.598836
458902 0.121183 -0.719998 -0.598816
459103 0.720009 -0.121177 0.598832
459204 0.121194 -0.720006 -0.598812
459305 0.72 -0.121192 0.598809
459406 0.121196 -0.720002 -0.598806
459707 5.17866 -5.17864 1.79721e-05
459908 0.720004 -0.121194 0.59881
460109 0.121193 -0.720006 -0.598814
460410 0.720005 -0.121188 0.598817
460611 0.121199 -0.720008 -0.598809
460712 0.72 -0.121194 0.598805
460913 0.121201 -0.720007 -0.598806
461114 0.720002 -0.121181 0.598821
461215 0.121201 -0.719998 -0.598797
461516 0.720004 -0.121196 0.598808
461717 0.121198 -0.720006 -0.598809
461918 3.14346 -2.54472 0.598743
462019 0.121178 -0.720003 -0.598824
462120 0.720004 -0.121187 0.598816
462221 0.121174 -0.720003 -0.598829
462622 0.720003 -0.121185 0.598818
462823 0.121196 -0.720008 -0.598813
463224 0.72 -0.121188 0.598811
463425 0.121182 -0.720004 -0.598822
463626 0.720002 -0.121187 0.598815
464127 0.615668 -0.0448856 0.570783
464428 0.0448852 -0.615672 -0.570786
464629 0.121198 -0.72 -0.598802
464930 0.720004 -0.121194 0.59881
465131 0.121167 -0.719999 -0.598832
465232 0.720001 -0.121187 0.598815
465333 0.121203 -0.720001 -0.598798
465534 0.720007 -0.121193 0.598815
465635 0.12119 -0.720004 -0.598814
466436 0.720006 -0.12122 0.598786
466537 0.121195 -0.720003 -0.598808
466738 0.72001 -0.121197 0.598812
467039 0.121196 -0.720002 -0.598805
467140 0.719999 -0.1212 0.598799
467241 0.121179 -0.72 -0.598821
467442 0.720005 -0.121196 0.598809
467543 0.121187 -0.720004 -0.598817
467744 0.719998 -0.121151 0.598847
467845 0.121198 -0.720002 -0.598804
468546 0.720004 -0.121224 0.598779
468647 0.121169 -0.719997 -0.598828
468748 0.720006 -0.1212 0.598806
468849 0.121194 -0.720005 -0.598811
469450 2.66588 -2.66587 8.18728e-06
469751 0.720006 -0.121194 0.598813
469852 0.121197 -0.719997 -0.5988
469953 0.720009 -0.121198 0.598811
470054 0.121195 -0.720001 -0.598805
470155 0.719999 -0.121191 0.598808
470356 0.121184 -0.720004 -0.59882
470857 0.720003 -0.121197 0.598806
471058 0.121197 -0.720006 -0.598809
471159 0.720002 -0.1212 0.598803
471260 0.121184 -0.720004 -0.59882
471661 5.60315 -0.284661 5.31849
471762 0.494501 -0.0564305 0.438071
471863 0.420344 -0.0619383 0.358405
471964 0.0779451 -0.641206 -0.563261
472065 0.0884853 -0.343122 -0.254637
472166 0.262832 -5.55984 -5.29701
472567 0.720005 -0.1212 0.598805
472668 0.121193 -0.720002 -0.598809
472969 0.720001 -0.1212 0.598801
473070 0.121187 -0.720007 -0.598819
473971 0.719999 -0.121197 0.598802
474072 0.121194 -0.720003 -0.598808
474273 0.720005 -0.121188 0.598817
474574 0.121208 -0.72 -0.598791
474775 0.720002 -0.121177 0.598825
474876 0.121191 -0.720003 -0.598812
474977 0.720008 -0.121191 0.598817
475278 0.121197 -0.720003 -0.598806
475779 3.14349 -2.54473 0.59876
475880 0.121196 -0.720002 -0.598806
476381 2.66589 -2.66588 8.51347e-06
476682 2.66589 -2.66588 1.27882e-05
476883 5.40524 -0.217607 5.18764
477084 0.309104 -5.49672 -5.18762
477185 0.720007 -0.121194 0.598812
477486 0.121185 -0.720004 -0.598819
477587 0.719999 -0.121211 0.598788
477688 0.121193 -0.720009 -0.598816
479289 0.720002 -0.121193 0.598809
479390 0.121187 -0.720003 -0.598816
479591 0.720003 -0.121201 0.598801
479692 0.121185 -0.72 -0.598815
479893 0.720001 -0.121198 0.598804
480294 0.121192 -0.720002 -0.598811
481195 0.720002 -0.121196 0.598806
481296 0.121197 -0.720003 -0.598806
481397 5.1601 -5.16011 -1.10456e-05
481498 0.720003 -0.121197 0.598806
481799 0.121204 -0.720005 -0.5988
482100 0.719997 -0.12119 0.598807
482201 0.1212 -0.720003 -0.598803
482702 0.720004 -0.121194 0.598809
482903 0.121193 -0.720002 -0.598809
483504 0.720002 -0.121178 0.598824
483705 0.615671 -0.0448832 0.570788
483806 0.0448799 -0.615674 -0.570794
483907 0.121189 -0.719999 -0.598811
484108 0.720002 -0.121191 0.598811
484209 0.121202 -0.720007 -0.598805
484610 0.719999 -0.121169 0.598831
484711 0.121187 -0.72 -0.598812
484812 0.720002 -0.121205 0.598798
484913 0.12121 -0.720002 -0.598792
485114 0.720002 -0.121195 0.598807
485315 0.121191 -0.720008 -0.598817
486116 0.719999 -0.121174 0.598824
486317 0.121189 -0.720001 -0.598812
486418 0.720005 -0.121175 0.59883
486519 0.121172 -0.72 -0.598829
486620 0.720002 -0.121205 0.598797
486721 0.121186 -0.720001 -0.598815
487122 0.720005 -0.121196 0.598809
487723 0.615672 -0.0448845 0.570787
487824 0.0448817 -0.615669 -0.570787
488125 0.121198 -0.720005 -0.598807
488226 0.719999 -0.12118 0.598819
488427 0.615679 -0.0448834 0.570795
488528 0.0448862 -0.615668 -0.570782
488629 0.121196 -0.720009 -0.598813
489330 0.720003 -0.121194 0.598809
489531 0.121182 -0.72 -0.598818
489632 0.720005 -0.121191 0.598814
489733 0.12119 -0.720002 -0.598812
490334 0.72 -0.121183 0.598818
490535 0.121194 -0.72 -0.598807
490636 0.719999 -0.121194 0.598805
490737 0.121182 -0.719999 -0.598817
490838 0.72 -0.121187 0.598813
490939 0.121191 -0.720003 -0.598812
491040 0.720002 -0.121189 0.598813
491141 0.121195 -0.720006 -0.598812
491742 0.720002 -0.121194 0.598807
491843 0.121188 -0.720001 -0.598812
492344 0.720002 -0.121204 0.598798
492645 0.121199 -0.720004 -0.598805
492846 0.720001 -0.12118 0.598822
493047 0.121175 -0.72 -0.598825
493648 0.720001 -0.121179 0.598822
493849 0.121193 -0.719998 -0.598805
493950 0.720006 -0.121183 0.598822
494051 0.121191 -0.720003 -0.598812
494352 0.720002 -0.121182 0.59882
494553 0.121162 -0.72 -0.598838
494754 0.72 -0.121191 0.598809
494955 0.121198 -0.720002 -0.598805
495156 0.719998 -0.121185 0.598814
495457 0.12119 -0.720008 -0.598818
495758 0.720003 -0.121195 0.598808
495859 0.121192 -0.720002 -0.59881
496760 0.720006 -0.121206 0.5988
496961 0.121178 -0.719999 -0.598821
497262 0.720003 -0.121211 0.598792
497663 0.121195 -0.720001 -0.598806
497964 2.66588 -2.66587 1.321e-05
499365 0.719997 -0.121184 0.598813
499566 0.121197 -0.720001 -0.598804
499967 0.719997 -0.121195 0.598802
500168 0.121211 -0.720004 -0.598793
500469 3.14348 -2.54472 0.598756
500570 0.121187 -0.719999 -0.598812
501071 0.720002 -0.121194 0.598808
501172 0.121196 -0.720001 -0.598804
501473 0.719999 -0.1212 0.598799
501574 0.121178 -0.72 -0.598822
501875 0.719996 -0.121166 0.59883
