300 0.555236 -0.0391232 0.516113
401 0.039122 -0.555228 -0.516106
2402 0.555236 -0.039123 0.516113
2503 0.0391233 -0.555227 -0.516103
4104 0.555225 -0.0391252 0.5161
4205 0.0391227 -0.555222 -0.516099
8806 0.555219 -0.0391207 0.516098
8907 0.0391236 -0.555229 -0.516105
9208 0.555222 -0.0391241 0.516098
9409 0.0391212 -0.555228 -0.516107
9810 0.555229 -0.0391241 0.516105
9911 0.039123 -0.555227 -0.516105
11112 0.555229 -0.0391224 0.516106
11213 0.0391229 -0.55522 -0.516097
11814 0.555228 -0.0391233 0.516105
11915 0.039122 -0.555226 -0.516104
12116 0.555229 -0.0391242 0.516105
12217 0.540799 -0.540801 -1.78971e-06
12318 0.0391231 -0.55522 -0.516097
14519 0.555225 -0.039122 0.516103
14720 0.0391236 -0.555236 -0.516113
14821 0.555237 -0.039125 0.516112
14922 0.0391219 -0.555226 -0.516104
15223 0.555235 -0.0391219 0.516113
15524 0.0391237 -0.555226 -0.516102
19325 0.555225 -0.0391231 0.516102
19426 0.0391254 -0.555219 -0.516094
19627 0.55522 -0.0391229 0.516097
19728 0.0391245 -0.555222 -0.516097
20629 0.555222 -0.0391241 0.516098
20830 0.0391242 -0.555222 -0.516098
21231 0.555228 -0.0391234 0.516105
21332 0.0391234 -0.555219 -0.516096
21933 0.555229 -0.0391229 0.516107
22134 0.0391228 -0.555228 -0.516105
24135 0.555223 -0.0391232 0.516099
24336 0.0391226 -0.555227 -0.516104
24437 0.555226 -0.0391211 0.516105
24538 0.0391226 -0.555223 -0.5161
24939 0.555227 -0.0391237 0.516103
25040 0.0391226 -0.555225 -0.516103
26241 0.555234 -0.0391232 0.516111
26442 0.0391224 -0.555227 -0.516105
26843 0.555221 -0.0391234 0.516097
26944 0.0391254 -0.555223 -0.516098
27145 0.555229 -0.0391233 0.516106
27246 0.0391247 -0.555223 -0.516099
29247 0.555225 -0.0391228 0.516102
29348 0.039124 -0.55522 -0.516096
29949 0.555229 -0.0391232 0.516106
30050 0.0391233 -0.555227 -0.516103
31951 0.55522 -0.0391237 0.516096
32052 0.0391235 -0.555228 -0.516104
32553 0.555225 -0.0391224 0.516103
32854 0.0391239 -0.555228 -0.516104
36655 0.555236 -0.0391243 0.516112
37356 0.0391236 -0.555228 -0.516105
37457 0.555235 -0.0391225 0.516113
37658 0.0391217 -0.55522 -0.516099
38059 0.555226 -0.0391238 0.516102
38160 0.0391222 -0.555225 -0.516103
41561 0.55522 -0.0391235 0.516097
41662 0.0391223 -0.555226 -0.516104
42663 0.555222 -0.0391247 0.516098
42764 0.0391217 -0.555219 -0.516097
42965 0.555228 -0.0391232 0.516105
43066 0.039123 -0.555222 -0.516099
43667 0.555219 -0.0391238 0.516095
43868 0.0391204 -0.555217 -0.516096
45469 0.555219 -0.039123 0.516096
45570 0.0391228 -0.555221 -0.516099
45771 0.555229 -0.039123 0.516106
45872 0.0391217 -0.555227 -0.516105
47373 0.55522 -0.0391232 0.516097
47474 0.0391237 -0.555224 -0.5161
47675 0.555235 -0.0391225 0.516112
47976 0.0391231 -0.555222 -0.516099
48577 0.555222 -0.0391233 0.516099
48778 0.0391214 -0.555218 -0.516097
49579 0.555227 -0.0391226 0.516105
49680 0.0391229 -0.555229 -0.516106
