0 0.555229 -0.039124 0.516105
101 0.0391232 -0.555235 -0.516112
302 0.55522 -0.039122 0.516098
403 0.0391237 -0.555229 -0.516106
504 0.555218 -0.0391227 0.516095
605 0.0391235 -0.555219 -0.516096
706 0.555231 -0.0391261 0.516104
907 0.0391228 -0.55522 -0.516098
1108 0.555225 -0.0391224 0.516103
1209 0.0391228 -0.555223 -0.5161
1410 0.555235 -0.039123 0.516112
1611 0.0391226 -0.555221 -0.516098
1712 0.555228 -0.0391221 0.516106
2013 0.0391244 -0.555229 -0.516105
2214 0.555236 -0.0391241 0.516112
2415 0.0391229 -0.555235 -0.516112
2516 0.555229 -0.0391239 0.516105
2617 0.0391233 -0.555228 -0.516105
2918 0.555228 -0.039122 0.516106
3019 0.0391227 -0.555235 -0.516112
3120 5.05994 -0.0982575 4.96168
3321 0.542016 -0.0340179 0.507999
3522 0.0340188 -0.542017 -0.507998
3923 0.538949 -0.0339936 0.504955
4024 0.690504 -5.64105 -4.95054
4125 0.540809 -0.540804 5.08946e-06
4326 0.0391223 -0.55522 -0.516098
4427 0.555228 -0.0391243 0.516104
4628 0.0391229 -0.55522 -0.516097
4929 0.555232 -0.0391259 0.516106
5230 0.0391249 -0.555236 -0.516111
5431 0.555228 -0.0391226 0.516105
5632 0.0391247 -0.555224 -0.516099
6333 0.555223 -0.0391245 0.516098
6434 0.0391238 -0.555222 -0.516098
6635 0.555226 -0.039123 0.516103
6736 0.0391211 -0.555219 -0.516098
6837 0.555223 -0.0391228 0.5161
6938 0.039123 -0.555222 -0.516099
7039 0.555227 -0.0391227 0.516104
7140 0.0391236 -0.555236 -0.516112
7341 0.555229 -0.0391221 0.516107
7442 0.0391207 -0.555226 -0.516106
7643 0.555235 -0.0391237 0.516112
7744 0.540804 -0.540805 -1.36243e-06
7845 0.5408 -1.0569 -0.516104
8346 0.555223 -0.0391232 0.5161
8847 0.0391238 -0.555222 -0.516099
8948 0.555219 -0.0391229 0.516096
9049 0.0391214 -0.555223 -0.516102
9450 0.555228 -0.0391217 0.516107
9551 0.0391248 -0.555221 -0.516097
9652 0.555229 -0.0391231 0.516106
9853 0.0391237 -0.555222 -0.516098
9954 0.555229 -0.0391251 0.516104
10055 0.0391221 -0.555227 -0.516105
10156 0.555221 -0.0391242 0.516097
10257 0.0391209 -0.555232 -0.516112
10358 0.555224 -0.039124 0.5161
10459 0.0391225 -0.555228 -0.516106
10660 0.55522 -0.039124 0.516096
10761 0.0391216 -0.555219 -0.516097
11062 0.55522 -0.0391214 0.516099
11163 0.0391241 -0.555236 -0.516112
11564 0.555226 -0.039122 0.516104
11665 0.039122 -0.555227 -0.516105
11766 0.555221 -0.0391226 0.516098
11867 0.540804 -0.5408 4.36244e-06
11968 0.0391229 -0.555228 -0.516105
12069 0.555229 -0.0391243 0.516105
12270 0.0391225 -0.555226 -0.516104
12371 0.55522 -0.0391234 0.516097
12572 0.0391223 -0.555227 -0.516105
12673 0.555226 -0.0391204 0.516106
12874 0.0391226 -0.555219 -0.516096
12975 0.555227 -0.0391239 0.516103
13076 0.0391225 -0.55523 -0.516108
13277 0.555224 -0.039124 0.5161
13378 0.0391239 -0.555226 -0.516102
13479 0.555218 -0.0391239 0.516094
13580 0.0391245 -0.555229 -0.516104
13681 0.555222 -0.0391243 0.516098
13782 0.0391233 -0.555223 -0.5161
13983 0.555219 -0.0391236 0.516095
14084 0.039124 -0.555229 -0.516105
14185 0.55523 -0.039125 0.516105
14286 0.0391234 -0.555229 -0.516105
14487 0.55523 -0.0391237 0.516106
14588 0.0391221 -0.555221 -0.516099
14989 0.555223 -0.0391254 0.516098
15190 0.039124 -0.555222 -0.516098
15291 0.555233 -0.0391211 0.516112
15392 0.540804 -0.540802 2.30925e-06
15493 0.0391232 -0.555228 -0.516105
15894 0.555236 -0.0391239 0.516112
15995 0.0391221 -0.555224 -0.516102
16596 0.555228 -0.0391233 0.516104
16697 0.0391221 -0.555225 -0.516103
16898 0.555225 -0.0391206 0.516104
16999 0.0391227 -0.555229 -0.516106
17100 0.555217 -0.0391212 0.516096
17201 0.0391251 -0.555229 -0.516104
17302 0.555229 -0.0391235 0.516105
17403 0.0391223 -0.555227 -0.516104
17904 0.555227 -0.0391237 0.516103
18105 0.039124 -0.555235 -0.516111
18206 2.31671 -2.31671 -1.61499e-06
18307 0.555225 -0.0391224 0.516103
18508 0.540803 -0.5408 2.69569e-06
18609 0.0391224 -0.555221 -0.516098
18710 0.555219 -0.0391217 0.516097
18811 0.0391246 -0.555231 -0.516106
19012 0.55522 -0.0391208 0.516099
19113 0.039124 -0.555235 -0.516111
19414 0.55523 -0.0391246 0.516106
19515 0.039124 -0.555222 -0.516098
19716 0.555217 -0.0391227 0.516095
19817 0.0391252 -0.555222 -0.516097
20118 0.555219 -0.0391213 0.516098
20319 0.0391228 -0.55522 -0.516097
20520 0.555219 -0.0391228 0.516096
20621 0.0391214 -0.555218 -0.516097
20722 0.55522 -0.0391235 0.516097
20823 0.0391229 -0.555229 -0.516106
21124 0.555221 -0.039122 0.516099
21325 0.0391223 -0.555219 -0.516097
21626 0.555218 -0.0391231 0.516095
21827 0.0391225 -0.555235 -0.516112
22128 0.555221 -0.039124 0.516097
22229 0.0391242 -0.555228 -0.516104
22430 0.555225 -0.0391246 0.516101
22531 0.039124 -0.555222 -0.516098
23432 0.55522 -0.0391234 0.516097
23733 0.0391215 -0.555234 -0.516112
24134 0.555228 -0.0391224 0.516106
24235 0.0391231 -0.555219 -0.516096
24736 0.555226 -0.0391224 0.516104
24837 0.039124 -0.555227 -0.516103
25338 0.555229 -0.0391234 0.516105
25439 0.0391237 -0.555229 -0.516105
26040 0.555226 -0.0391237 0.516103
26341 0.0391229 -0.555222 -0.516099
27642 0.555218 -0.0391217 0.516096
27843 0.0391243 -0.555229 -0.516104
27944 2.31671 -2.31671 -4.71014e-07
28145 0.555229 -0.0391246 0.516104
28246 0.039124 -0.555236 -0.516112
28347 0.555224 -0.0391245 0.516099
28448 0.0391223 -0.555227 -0.516105
28549 0.555228 -0.0391237 0.516105
28650 0.540805 -0.5408 4.93967e-06
28751 0.0391236 -0.555221 -0.516098
28852 0.555227 -0.0391221 0.516105
28953 0.0391196 -0.555224 -0.516104
29754 0.55522 -0.0391228 0.516097
29855 0.039122 -0.555227 -0.516105
30156 0.555235 -0.0391233 0.516112
30357 0.0391246 -0.555228 -0.516104
30658 0.555229 -0.0391238 0.516105
30759 0.0391227 -0.555225 -0.516103
31560 0.555221 -0.0391241 0.516097
31661 0.0391203 -0.555228 -0.516108
31862 0.555227 -0.0391243 0.516103
32063 0.039123 -0.555221 -0.516098
32164 0.555222 -0.0391234 0.516099
32265 0.0391241 -0.555225 -0.516101
32666 0.555222 -0.0391248 0.516097
32767 0.0391212 -0.55522 -0.516099
32868 0.555218 -0.0391222 0.516096
32969 0.0391219 -0.555229 -0.516107
33070 0.555224 -0.0391221 0.516102
33271 0.0391239 -0.555222 -0.516098
33472 0.555229 -0.0391218 0.516107
33573 0.0391211 -0.555228 -0.516107
33774 0.555234 -0.039122 0.516112
33875 0.0391232 -0.55523 -0.516106
34076 0.555219 -0.0391232 0.516096
34177 0.0391228 -0.55522 -0.516097
34378 0.555234 -0.0391213 0.516112
34479 0.0391239 -0.555222 -0.516098
34780 0.555236 -0.0391228 0.516113
34881 0.039122 -0.555227 -0.516105
35182 0.555219 -0.0391231 0.516096
35283 0.0391226 -0.55522 -0.516098
35484 0.555219 -0.0391226 0.516097
35585 0.0391233 -0.555221 -0.516098
35786 0.555217 -0.0391216 0.516095
35987 0.540804 -0.540806 -2.20322e-06
36188 0.0391244 -0.555221 -0.516097
36489 0.555226 -0.0391228 0.516103
36690 0.0391231 -0.555228 -0.516105
37091 0.555232 -0.0391236 0.516108
37192 0.0391247 -0.555221 -0.516096
37893 0.555218 -0.0391214 0.516097
37994 0.0391245 -0.55523 -0.516105
38095 0.555223 -0.0391247 0.516098
38296 0.0391243 -0.555222 -0.516097
38497 0.555224 -0.0391242 0.5161
38598 0.0391238 -0.555224 -0.516101
39599 0.555232 -0.0391214 0.516111
39700 0.0391224 -0.55522 -0.516097
40201 0.555234 -0.0391222 0.516112
40302 0.0391228 -0.555222 -0.516099
40503 0.555222 -0.0391238 0.516098
40604 0.540804 -0.540802 2.64453e-06
40905 0.0391229 -0.555221 -0.516098
41206 0.555237 -0.0391237 0.516114
41307 0.0391233 -0.555235 -0.516112
41708 0.555219 -0.0391229 0.516097
41809 0.0391221 -0.555217 -0.516095
42010 0.555234 -0.0391226 0.516111
42111 0.0391241 -0.555224 -0.5161
42212 0.555219 -0.0391232 0.516096
42313 0.0391214 -0.555234 -0.516113
42514 0.555219 -0.039121 0.516098
42715 0.0391207 -0.555221 -0.5161
42916 0.55523 -0.0391226 0.516107
43017 0.0391184 -0.555215 -0.516097
43118 0.55522 -0.0391222 0.516098
43219 0.0391219 -0.55522 -0.516098
43320 0.555235 -0.0391219 0.516113
43521 0.0391227 -0.555229 -0.516106
43622 0.555219 -0.0391219 0.516097
43823 0.039125 -0.555228 -0.516103
44224 0.555219 -0.0391216 0.516098
44425 0.0391221 -0.555226 -0.516104
44526 0.555228 -0.0391234 0.516105
44627 0.0391221 -0.555235 -0.516113
45128 0.555226 -0.0391221 0.516104
45229 0.039124 -0.55522 -0.516096
45530 0.555222 -0.0391222 0.5161
45731 0.0391218 -0.555228 -0.516106
45832 0.555221 -0.0391236 0.516097
45933 0.0391227 -0.555234 -0.516111
46134 0.555234 -0.0391227 0.516112
46335 0.0391225 -0.555221 -0.516098
46536 0.555221 -0.0391229 0.516098
46637 0.0391219 -0.555228 -0.516106
46938 0.555218 -0.039123 0.516095
47039 0.0391219 -0.555228 -0.516106
48440 0.555218 -0.0391231 0.516095
48541 0.039125 -0.555223 -0.516098
48942 0.555221 -0.0391233 0.516097
49043 0.0391221 -0.555217 -0.516095
49244 0.555224 -0.0391219 0.516102
49445 0.0391247 -0.55522 -0.516095
49646 0.555227 -0.0391227 0.516105
49747 0.0391229 -0.555229 -0.516106
49948 0.555227 -0.0391226 0.516104
