500 0.555228 -0.0391242 0.516104
901 0.0391215 -0.555219 -0.516097
1602 0.555222 -0.0391233 0.516099
1703 0.0391216 -0.555221 -0.5161
1904 0.555229 -0.0391253 0.516104
2105 0.0391223 -0.555221 -0.516099
2306 0.555228 -0.0391231 0.516105
2707 0.0391232 -0.555228 -0.516104
3008 0.555226 -0.0391226 0.516103
3109 0.0391229 -0.55522 -0.516097
3510 0.555222 -0.0391231 0.516099
3611 0.0391267 -0.555223 -0.516096
3812 0.55522 -0.0391231 0.516096
3913 0.0391232 -0.555221 -0.516098
4314 0.555229 -0.0391226 0.516107
4415 0.0391242 -0.555222 -0.516097
4616 0.555234 -0.0391228 0.516111
5617 0.0391228 -0.55522 -0.516097
5718 4.82282 -4.82282 6.16686e-06
5819 0.555221 -0.0391241 0.516097
6120 0.0391227 -0.555227 -0.516105
6421 0.555217 -0.0391224 0.516094
7222 0.0391231 -0.555228 -0.516105
7423 0.555218 -0.039122 0.516096
7724 0.0391231 -0.555229 -0.516106
7925 0.55522 -0.0391251 0.516094
8026 5.12857 -0.2803 4.84827
8327 0.0201809 -0.502059 -0.481878
8428 0.268172 -5.15067 -4.8825
8829 2.3167 -2.3167 2.92673e-07
8930 2.3167 -2.3167 -2.83342e-07
9031 2.31671 -2.31671 7.46316e-07
9232 0.555227 -0.0391242 0.516103
9333 0.5408 -0.5408 -5.71982e-07
9434 0.0391233 -0.555227 -0.516104
9535 0.555233 -0.0391206 0.516113
9636 0.0391245 -0.555218 -0.516094
9937 4.98803 -0.103365 4.88467
10538 0.939781 -1.05668 -0.116903
10639 0.0645494 -4.83231 -4.76776
11440 5.08996 0.00211296 5.09208
11941 -0.00211388 -5.08996 -5.09207
12042 0.555221 -0.0391235 0.516098
12143 0.0391239 -0.555227 -0.516103
12244 0.555227 -0.0391221 0.516105
12345 0.0391234 -0.55522 -0.516097
12946 2.3167 -2.3167 -3.14492e-07
13147 4.95963 -0.234893 4.72474
13448 0.61197 -5.3367 -4.72473
13549 0.55522 -0.0391231 0.516097
13850 0.540804 -0.540801 3.20107e-06
14051 0.0391238 -0.555222 -0.516098
14352 4.80404 -4.80404 4.49257e-06
14653 0.555226 -0.0391221 0.516104
14754 0.0391238 -0.555228 -0.516105
15655 0.555234 -0.0391215 0.516112
15856 0.0391247 -0.555232 -0.516107
16057 0.555228 -0.0391252 0.516103
16258 0.0391223 -0.555217 -0.516095
16459 2.31671 -2.31671 -2.04525e-06
18060 0.555227 -0.0391235 0.516103
18161 0.0391236 -0.555229 -0.516105
18562 0.555236 -0.0391229 0.516113
19263 0.0391238 -0.555227 -0.516103
19864 4.99295 -0.138509 4.85445
19965 0.525998 -0.0320941 0.493904
20066 0.0320928 -0.525998 -0.493906
20367 0.138508 -4.99295 -4.85444
20568 2.3167 -2.31671 -3.88568e-07
20669 0.555236 -0.039123 0.516113
20870 0.0391229 -0.555219 -0.516097
20971 0.555228 -0.0391226 0.516105
21572 0.0391241 -0.555231 -0.516106
21873 0.555231 -0.0391238 0.516107
22274 0.0391212 -0.555223 -0.516102
22375 4.50071 -4.50071 2.98711e-06
22476 5.09083 -0.0392326 5.05159
22577 0.0170416 -5.06864 -5.0516
23178 0.555222 -0.0391238 0.516098
23279 0.0391229 -0.55522 -0.516097
23480 5.14588 -0.362824 4.78306
23581 0.462801 -0.0211776 0.441623
23682 0.0211777 -0.462801 -0.441623
23883 0.533631 -0.00751435 0.526117
24484 0.00751628 -0.533631 -0.526115
24585 0.533631 -0.00751624 0.526114
24886 0.00751284 -0.533627 -0.526114
25587 0.0912719 -4.87433 -4.78306
25888 0.555227 -0.0391238 0.516104
26089 0.0391222 -0.555226 -0.516103
26590 2.31671 -2.31671 -1.36808e-06
26691 0.555226 -0.0391224 0.516104
27092 0.0391218 -0.555226 -0.516105
27193 0.555227 -0.0391228 0.516104
27594 0.0391207 -0.555217 -0.516097
27695 5.2401 -0.336522 4.90358
27996 0.104472 -5.00806 -4.90358
28097 0.555234 -0.0391217 0.516112
28298 0.0391246 -0.55522 -0.516095
28399 5.06551 -0.0989372 4.96657
28600 0.555756 -0.0399435 0.515812
28801 0.0399406 -0.555754 -0.515814
28902 0.555756 -0.0399426 0.515813
29003 0.0399424 -0.555756 -0.515813
29904 0.498329 -0.0536228 0.444706
30205 0.0536225 -0.498329 -0.444707
30406 0.498329 -0.053623 0.444706
30707 0.565074 -0.0912115 0.473862
30808 0.0184774 -0.428693 -0.410216
30909 0.428691 -0.018478 0.410213
31410 0.0175191 -0.503622 -0.486103
31511 0.0552791 -5.45433 -5.39905
31712 4.83087 -4.83087 3.66816e-06
32513 2.3167 -2.3167 4.06785e-08
32714 4.97032 -0.140271 4.83005
33015 0.140269 -4.97032 -4.83005
33316 0.55522 -0.039122 0.516098
33417 0.0391229 -0.555218 -0.516095
33818 0.55522 -0.0391218 0.516098
34019 0.0391233 -0.555228 -0.516105
34120 0.555218 -0.0391238 0.516095
34421 0.0391214 -0.555225 -0.516104
35122 0.555228 -0.0391244 0.516104
35423 0.540805 -0.540804 3.72618e-07
35524 0.0391249 -0.55522 -0.516095
35825 0.555234 -0.0391211 0.516113
36326 0.0391228 -0.555229 -0.516106
36627 4.90077 -4.90077 2.18477e-06
37028 0.555237 -0.0391249 0.516112
37329 0.0391229 -0.555227 -0.516104
37530 2.3167 -2.3167 -8.32182e-07
37831 0.555226 -0.0391229 0.516103
38732 0.0391216 -0.55522 -0.516099
38833 0.555233 -0.0391234 0.51611
39434 0.0391241 -0.55523 -0.516106
39535 0.555236 -0.0391237 0.516112
39736 0.0391229 -0.555235 -0.516112
39837 0.555228 -0.039122 0.516106
40038 0.0391246 -0.555223 -0.516098
40139 2.31671 -2.31671 2.52462e-07
40340 2.3167 -2.31671 -1.80602e-06
40641 0.555226 -0.0391215 0.516105
41942 0.0391215 -0.555225 -0.516104
42643 0.555222 -0.0391206 0.516102
42744 0.0391234 -0.555236 -0.516112
43445 0.555228 -0.0391228 0.516105
43646 0.0391225 -0.555219 -0.516096
44247 1.05691 -0.540803 0.516104
44548 0.0391226 -0.555226 -0.516104
44849 0.55522 -0.0391236 0.516097
45150 0.0391239 -0.555221 -0.516097
45251 0.555223 -0.0391224 0.5161
46752 0.0391211 -0.555219 -0.516098
46953 2.31671 -2.31671 -1.54185e-07
47654 0.555221 -0.0391242 0.516097
47855 0.0391217 -0.555228 -0.516107
47956 0.555227 -0.0391227 0.516104
48457 0.0391223 -0.555235 -0.516112
49258 0.555226 -0.0391213 0.516105
49859 0.540802 -0.540805 -3.00901e-06
49960 0.039123 -0.555234 -0.516111
