400 0.555226 -0.0391253 0.516101
501 0.0391262 -0.555222 -0.516096
602 0.555235 -0.0391222 0.516113
703 0.0391226 -0.555227 -0.516105
804 0.555229 -0.0391237 0.516105
1105 0.0391241 -0.555226 -0.516102
1306 0.555233 -0.0391208 0.516112
1407 0.0391215 -0.555221 -0.516099
2008 0.55522 -0.0391205 0.5161
2109 0.0391253 -0.555224 -0.516098
2210 0.555221 -0.0391232 0.516098
2411 0.0391221 -0.555227 -0.516105
2612 0.555228 -0.0391231 0.516105
2713 0.0391242 -0.555223 -0.516099
2814 0.555234 -0.0391223 0.516112
2915 0.0391218 -0.555234 -0.516112
3016 0.555222 -0.0391218 0.5161
3117 0.0391224 -0.555235 -0.516112
3418 2.3167 -2.3167 2.2831e-07
3519 0.555227 -0.0391223 0.516105
3620 0.0391223 -0.555227 -0.516105
3721 0.555217 -0.0391221 0.516095
3822 0.0391218 -0.555221 -0.516099
4323 0.55523 -0.0391239 0.516106
4424 0.0391223 -0.555229 -0.516107
4525 0.555231 -0.0391246 0.516106
4726 0.0391221 -0.555228 -0.516106
4827 0.555227 -0.0391225 0.516105
5128 0.0391232 -0.55522 -0.516097
5229 0.555228 -0.0391234 0.516104
5330 0.540806 -0.540803 3.58211e-06
5531 0.0391243 -0.555227 -0.516103
5632 0.555217 -0.039121 0.516096
5733 0.0391253 -0.555222 -0.516097
5834 0.555222 -0.0391229 0.516099
6035 0.0391218 -0.55522 -0.516098
6236 0.555228 -0.0391235 0.516104
6637 0.0391238 -0.555228 -0.516105
6738 0.555235 -0.0391226 0.516113
6839 0.540805 -0.540809 -4.06861e-06
7040 0.0391233 -0.555235 -0.516112
7241 0.555223 -0.0391239 0.516099
7342 0.0391232 -0.55522 -0.516096
7643 0.555228 -0.0391237 0.516104
7844 0.0391217 -0.555234 -0.516112
8245 0.555217 -0.0391213 0.516096
8546 0.0391222 -0.55522 -0.516098
8947 2.31671 -2.31671 4.65448e-08
9348 2.3167 -2.31671 -6.33848e-07
9849 0.555236 -0.0391233 0.516112
9950 0.0391229 -0.55522 -0.516097
10051 0.555229 -0.0391237 0.516106
10452 0.0391225 -0.555229 -0.516106
10853 0.555228 -0.0391239 0.516104
10954 0.039124 -0.55522 -0.516096
11255 1.05691 -0.540804 0.516102
11456 0.0391218 -0.555224 -0.516103
12857 0.555236 -0.0391234 0.516113
12958 0.0391218 -0.555219 -0.516097
13059 0.55522 -0.0391215 0.516098
13160 0.0391217 -0.555226 -0.516105
13961 0.555221 -0.0391244 0.516097
14262 0.0391223 -0.555228 -0.516106
14563 0.555222 -0.0391259 0.516096
14764 0.039123 -0.555221 -0.516098
14865 0.555227 -0.0391224 0.516105
15066 0.0391213 -0.555234 -0.516113
15167 0.555226 -0.0391236 0.516102
15368 0.0391228 -0.555221 -0.516098
15669 0.555226 -0.0391223 0.516104
16170 0.0391237 -0.555229 -0.516105
16571 2.31671 -2.31671 -1.45235e-07
16972 0.555219 -0.0391235 0.516096
17073 0.0391217 -0.555229 -0.516107
17174 0.555234 -0.0391219 0.516112
17375 0.0391242 -0.555236 -0.516112
17476 0.555219 -0.0391226 0.516097
17577 5.03387 0.000251499 5.03412
18178 -0.000256709 -5.03386 -5.03412
18279 0.0391237 -0.555221 -0.516097
18580 0.555228 -0.039122 0.516106
18681 0.0391227 -0.555228 -0.516105
18782 0.555226 -0.0391228 0.516103
18883 0.0391224 -0.555232 -0.516109
18984 2.31671 -2.31671 -5.49761e-07
19085 0.555227 -0.0391242 0.516102
19486 0.0391243 -0.555219 -0.516094
19787 5.05396 -0.0786384 4.97532
19988 0.248854 -0.258809 -0.00995448
20289 0.194226 -0.307035 -0.112809
20390 0.138301 -4.99085 -4.85255
20591 0.555228 -0.0391236 0.516104
20792 0.0391204 -0.555226 -0.516105
20993 0.555227 -0.0391223 0.516104
21094 0.0391232 -0.55522 -0.516097
21195 0.555218 -0.0391231 0.516095
21396 0.0391226 -0.555226 -0.516104
21497 2.31671 -2.31671 1.93468e-07
21598 0.555221 -0.0391241 0.516097
21699 0.0391231 -0.555236 -0.516113
22000 0.555221 -0.039124 0.516097
22101 0.540802 -0.540803 -8.52567e-07
22302 0.0391221 -0.555219 -0.516097
22403 0.555236 -0.0391246 0.516112
22504 0.0391222 -0.555218 -0.516096
22905 0.555232 -0.0391257 0.516106
23006 0.0391231 -0.555235 -0.516112
23207 0.555221 -0.039122 0.516099
23308 0.0391223 -0.555234 -0.516112
23609 0.555219 -0.0391243 0.516095
23710 0.039123 -0.555229 -0.516106
23911 0.555228 -0.0391229 0.516105
24012 0.039127 -0.555231 -0.516104
24313 0.555226 -0.0391222 0.516103
24414 0.0391247 -0.55522 -0.516096
24915 0.555222 -0.0391241 0.516098
25016 0.0391201 -0.55523 -0.51611
25517 0.555222 -0.0391239 0.516098
25618 0.0391245 -0.555223 -0.516099
25719 0.555229 -0.0391238 0.516105
26220 0.0391232 -0.55522 -0.516097
26321 0.555221 -0.0391224 0.516099
26522 0.0391241 -0.555236 -0.516112
26923 0.555227 -0.0391226 0.516105
27024 0.0391217 -0.555226 -0.516104
27525 2.3167 -2.3167 2.07783e-06
28126 0.555236 -0.0391225 0.516113
28327 0.0391234 -0.555226 -0.516103
28628 0.555228 -0.0391219 0.516106
28729 0.0391231 -0.555227 -0.516104
28830 0.555221 -0.0391242 0.516096
28931 0.0391232 -0.55523 -0.516107
29032 5.05501 0.00709131 5.0621
29533 -0.00837093 -5.05373 -5.0621
29734 0.555235 -0.0391224 0.516113
29835 0.540802 -0.540805 -2.20839e-06
29936 0.0391221 -0.555226 -0.516104
30037 0.555234 -0.0391218 0.516112
30338 0.0391238 -0.555222 -0.516098
30539 0.555224 -0.0391235 0.516101
30640 0.0391236 -0.555224 -0.5161
30741 0.555221 -0.0391235 0.516097
30842 0.0391238 -0.555221 -0.516098
31543 0.55522 -0.0391229 0.516098
31744 0.0391234 -0.555229 -0.516106
31945 2.3167 -2.3167 -1.91695e-06
32146 0.555223 -0.0391236 0.5161
32247 0.0391252 -0.555228 -0.516103
32348 0.555223 -0.0391231 0.5161
32649 0.0391214 -0.555221 -0.5161
32750 0.555234 -0.0391224 0.516112
32851 0.0391219 -0.555229 -0.516107
33352 0.555219 -0.0391227 0.516096
33553 0.0391228 -0.555222 -0.516099
33654 0.555226 -0.0391202 0.516106
33755 0.0391227 -0.555222 -0.516099
34056 0.555228 -0.0391226 0.516105
34157 0.0391243 -0.55522 -0.516096
34258 0.55523 -0.0391231 0.516107
34359 0.0391242 -0.555222 -0.516097
34460 5.06313 -0.00711187 5.05602
34561 0.00711408 -5.06314 -5.05603
34962 0.555228 -0.0391221 0.516106
35063 0.0391238 -0.555231 -0.516107
35164 0.555221 -0.0391231 0.516098
35265 0.540801 -0.540804 -2.61897e-06
35366 0.0391219 -0.555225 -0.516104
35967 0.555223 -0.0391236 0.516099
36068 0.0391225 -0.555218 -0.516096
36869 0.555229 -0.0391232 0.516105
37170 0.0391243 -0.555222 -0.516098
37271 2.3167 -2.3167 -6.98144e-07
37372 2.3167 -2.3167 -8.03188e-07
37773 0.555219 -0.0391214 0.516098
38074 0.039122 -0.555235 -0.516113
38375 0.555226 -0.0391219 0.516104
38476 0.0391227 -0.555236 -0.516113
38577 0.555228 -0.0391215 0.516106
38978 0.540804 -0.540801 2.19696e-06
39079 0.0391255 -0.555223 -0.516097
39580 0.555227 -0.0391232 0.516104
39681 0.0391225 -0.555235 -0.516112
39882 0.555226 -0.0391223 0.516104
39983 0.0391228 -0.555224 -0.516101
40084 0.555223 -0.0391204 0.516103
40185 0.0391245 -0.555219 -0.516095
40386 0.555227 -0.0391228 0.516104
40587 0.0391244 -0.555223 -0.516099
40688 0.555228 -0.0391213 0.516107
40789 0.0391235 -0.555223 -0.5161
41090 0.555225 -0.0391204 0.516104
41291 0.0391241 -0.555236 -0.516112
41992 0.555226 -0.0391238 0.516102
42293 0.540801 -0.540801 -8.94428e-07
42394 0.0391231 -0.55522 -0.516097
42595 0.555226 -0.0391227 0.516103
42796 0.0391248 -0.555223 -0.516098
43197 0.555226 -0.0391213 0.516105
43398 0.0391231 -0.55522 -0.516097
43599 0.555221 -0.0391235 0.516097
44000 0.0391259 -0.555226 -0.5161
44401 0.555231 -0.0391244 0.516107
44602 0.0391236 -0.555219 -0.516096
44703 0.555228 -0.0391231 0.516105
44804 0.540805 -1.05691 -0.516109
45305 0.555221 -0.0391228 0.516098
45406 0.0391236 -0.555228 -0.516104
45507 0.555221 -0.0391229 0.516098
45608 0.0391252 -0.555223 -0.516098
45809 0.555222 -0.0391249 0.516098
45910 0.0391223 -0.555228 -0.516106
46011 0.555219 -0.0391224 0.516097
46112 0.0391228 -0.555234 -0.516112
46213 0.555228 -0.0391233 0.516105
46314 0.0391219 -0.555221 -0.516099
46415 0.555234 -0.0391224 0.516112
46516 0.039124 -0.555221 -0.516097
46617 0.555221 -0.0391248 0.516096
47018 0.0391245 -0.555222 -0.516097
47119 0.555219 -0.0391216 0.516097
47220 0.039126 -0.555225 -0.516099
47621 0.555224 -0.0391218 0.516103
47822 0.0391217 -0.555218 -0.516096
48723 0.555228 -0.039124 0.516104
49024 0.0391245 -0.555219 -0.516095
49325 0.555224 -0.0391236 0.516101
49426 0.0391226 -0.555234 -0.516112
49627 0.555228 -0.0391225 0.516106
49928 0.0391222 -0.555226 -0.516104
50029 0.555227 -0.0391227 0.516105
