400 0.555232 -0.0391224 0.51611
501 0.0391219 -0.555219 -0.516097
1002 0.555223 -0.0391242 0.516099
1103 0.540804 -0.540802 1.36023e-06
1204 0.039125 -0.555229 -0.516104
1505 4.80698 -4.80698 7.77598e-07
2106 0.55522 -0.0391228 0.516098
2207 0.0391223 -0.555227 -0.516104
3108 0.555224 -0.0391215 0.516103
3209 0.540802 -0.540805 -2.52356e-06
3410 0.0391233 -0.555228 -0.516105
3511 0.555226 -0.0391228 0.516104
3612 0.0391225 -0.555229 -0.516106
4013 0.555226 -0.039122 0.516104
4214 0.0391211 -0.555226 -0.516105
4315 0.555226 -0.0391233 0.516103
4816 0.0391214 -0.555218 -0.516096
5217 0.555227 -0.0391208 0.516106
5518 0.0391226 -0.555226 -0.516104
5819 0.55523 -0.0391255 0.516104
5920 0.0391217 -0.555227 -0.516106
6021 0.555226 -0.0391217 0.516105
6122 0.0391224 -0.555236 -0.516114
6423 0.555235 -0.0391229 0.516112
6524 0.0391227 -0.555224 -0.516102
6825 0.555221 -0.0391237 0.516098
7026 0.0391246 -0.555228 -0.516103
7227 0.555237 -0.0391237 0.516113
7328 0.039123 -0.555228 -0.516105
7429 0.555227 -0.0391226 0.516105
7530 0.0391227 -0.555221 -0.516098
7631 0.555227 -0.0391219 0.516105
7832 0.0391222 -0.555226 -0.516104
8233 0.555228 -0.0391222 0.516105
8434 0.0391234 -0.555221 -0.516098
8735 0.555228 -0.0391223 0.516105
8936 0.039123 -0.55522 -0.516097
9037 0.555226 -0.0391224 0.516104
9138 0.0391237 -0.55522 -0.516096
9239 0.55523 -0.0391245 0.516105
9440 0.0391245 -0.55523 -0.516106
10141 0.555223 -0.0391243 0.516098
10342 0.039122 -0.555227 -0.516105
10543 0.555232 -0.0391244 0.516107
10644 0.0391218 -0.555219 -0.516097
11345 0.555218 -0.0391223 0.516096
11546 0.0391216 -0.55522 -0.516099
11947 0.555227 -0.039122 0.516105
12048 0.0391229 -0.555236 -0.516113
12249 0.555234 -0.0391222 0.516112
12450 0.0391239 -0.555219 -0.516095
12551 0.55522 -0.0391221 0.516098
12852 0.0391239 -0.55522 -0.516096
12953 0.555219 -0.0391228 0.516096
13154 0.0391259 -0.555223 -0.516097
13255 0.555223 -0.0391246 0.516098
13456 0.0391215 -0.555234 -0.516112
13657 0.555233 -0.0391215 0.516112
13758 0.0391222 -0.555228 -0.516106
13959 0.555218 -0.0391232 0.516095
14060 0.0391239 -0.555219 -0.516095
14561 2.31671 -2.31671 1.43367e-07
14762 0.555235 -0.0391222 0.516113
14863 0.0391259 -0.555224 -0.516098
15164 0.555221 -0.039123 0.516098
15265 0.0391248 -0.555223 -0.516098
15366 0.555222 -0.0391241 0.516098
15467 0.0391237 -0.55522 -0.516097
15568 0.555219 -0.039122 0.516097
15669 0.0391213 -0.555221 -0.5161
15870 0.555219 -0.0391213 0.516098
16071 0.0391221 -0.555234 -0.516112
16172 0.55522 -0.0391216 0.516098
16473 0.0391243 -0.55523 -0.516105
16574 0.555226 -0.0391218 0.516104
16875 0.0391226 -0.555227 -0.516105
17076 0.555236 -0.0391239 0.516112
17177 0.0391212 -0.555218 -0.516097
17278 0.555228 -0.0391234 0.516105
17379 0.0391246 -0.555224 -0.516099
17780 0.555223 -0.0391239 0.516099
17981 0.540802 -0.540801 1.95017e-06
18182 0.0391231 -0.555228 -0.516105
19683 0.555219 -0.0391223 0.516097
19984 0.0391224 -0.555228 -0.516106
20585 0.555225 -0.0391263 0.516098
20686 0.0391247 -0.555223 -0.516098
22287 0.555236 -0.0391242 0.516112
22488 0.039123 -0.555229 -0.516106
22789 0.555227 -0.039123 0.516104
22890 0.0391235 -0.555227 -0.516104
23191 0.555228 -0.0391226 0.516105
23292 0.0391229 -0.555236 -0.516113
23393 0.555225 -0.0391251 0.5161
23494 0.039123 -0.555222 -0.516099
23695 0.555221 -0.0391242 0.516097
23796 0.0391225 -0.555221 -0.516099
24197 0.555226 -0.0391222 0.516104
24298 0.0391231 -0.55522 -0.516097
24599 0.555222 -0.0391233 0.516099
24700 0.039124 -0.55523 -0.516106
24901 0.555224 -0.0391224 0.516102
25102 0.0391229 -0.555235 -0.516112
25503 0.55522 -0.0391237 0.516097
25604 0.039122 -0.55522 -0.516098
28105 0.555229 -0.039125 0.516104
28406 0.540801 -0.540799 1.50353e-06
28507 0.039121 -0.555229 -0.516108
28908 0.555235 -0.0391235 0.516111
29009 0.0391235 -0.555235 -0.516112
29110 0.555236 -0.0391225 0.516113
29211 0.0391228 -0.55522 -0.516097
29512 0.555229 -0.039124 0.516105
29613 0.0391217 -0.555235 -0.516113
29914 0.555228 -0.0391222 0.516105
30015 0.0391239 -0.555229 -0.516105
30116 0.55522 -0.0391242 0.516096
30317 0.0391235 -0.555221 -0.516098
31518 0.555227 -0.0391226 0.516104
31619 0.0391245 -0.55523 -0.516105
31720 0.55523 -0.0391225 0.516107
31821 0.0391239 -0.555224 -0.5161
32122 1.0569 -0.540801 0.516103
32223 0.0391237 -0.555236 -0.516113
32324 0.555227 -0.0391241 0.516103
32425 0.0391202 -0.555224 -0.516104
32526 0.555234 -0.0391227 0.516111
32627 0.0391226 -0.555219 -0.516096
32728 0.555221 -0.0391231 0.516098
32829 0.0391223 -0.555226 -0.516103
33030 0.555221 -0.0391234 0.516098
33131 0.0391233 -0.55522 -0.516096
33432 0.555235 -0.0391236 0.516111
33533 0.0391225 -0.555221 -0.516098
33634 5.08609 -5.08608 3.67034e-06
33935 0.55522 -0.0391254 0.516094
34136 0.0391237 -0.555236 -0.516113
34437 0.555219 -0.0391237 0.516095
34538 0.0391224 -0.555227 -0.516104
34739 0.555227 -0.0391237 0.516103
34840 0.0391217 -0.555234 -0.516113
35141 0.555218 -0.039123 0.516095
35242 0.0391239 -0.555221 -0.516097
35643 0.555219 -0.0391229 0.516096
35744 0.0391231 -0.555221 -0.516097
35845 0.555229 -0.0391242 0.516105
35946 0.0391226 -0.555229 -0.516106
36147 0.555226 -0.0391212 0.516105
36248 0.0391224 -0.555226 -0.516104
36349 0.555222 -0.0391235 0.516098
36550 0.0391198 -0.55522 -0.5161
36851 0.555227 -0.0391224 0.516105
37052 0.0391243 -0.555225 -0.516101
37453 4.78141 -4.78141 1.57642e-06
37554 0.555222 -0.0391224 0.5161
37655 0.0391244 -0.55522 -0.516096
38156 0.555218 -0.0391222 0.516096
38257 0.0391228 -0.555218 -0.516095
39458 0.555224 -0.0391232 0.5161
39559 0.0391245 -0.555223 -0.516099
39760 0.555219 -0.0391236 0.516095
39861 0.039124 -0.555222 -0.516098
39962 0.555227 -0.0391226 0.516104
40063 0.0391227 -0.555219 -0.516097
40364 0.555221 -0.0391219 0.516099
40465 0.0391243 -0.555222 -0.516097
41066 0.55522 -0.0391242 0.516096
41167 0.540801 -0.540805 -3.8865e-06
41268 0.0391233 -0.555223 -0.5161
41469 0.555229 -0.0391239 0.516105
41570 0.0391223 -0.555228 -0.516106
41671 0.555232 -0.0391227 0.516109
41772 0.0391232 -0.555221 -0.516097
42473 0.555224 -0.0391261 0.516098
42574 0.0391232 -0.555222 -0.516099
42675 0.555235 -0.039124 0.516111
42876 0.0391219 -0.555228 -0.516106
43177 2.3167 -2.31671 -4.13176e-06
43278 2.31671 -2.31671 1.33034e-06
43379 0.555222 -0.0391234 0.516098
43480 0.0391213 -0.555225 -0.516104
43581 0.555227 -0.0391236 0.516104
43682 0.0391212 -0.555227 -0.516106
43783 2.31671 -2.31671 -3.23256e-07
43884 0.555229 -0.0391241 0.516105
44085 0.0391232 -0.555229 -0.516106
44186 0.555219 -0.0391202 0.516099
44287 0.0391238 -0.555228 -0.516104
44588 0.555225 -0.039121 0.516104
44789 0.0391239 -0.555229 -0.516105
45390 0.555227 -0.0391215 0.516105
45691 0.0391262 -0.555225 -0.516099
46092 0.555226 -0.0391206 0.516105
46193 0.0391212 -0.555234 -0.516113
46294 0.555218 -0.0391215 0.516097
46495 0.0391223 -0.555222 -0.516099
46696 0.55522 -0.0391243 0.516096
46797 0.0391246 -0.555229 -0.516104
46898 0.555221 -0.0391212 0.5161
46999 0.0391245 -0.555223 -0.516099
47200 0.555234 -0.0391222 0.516112
47301 0.0391236 -0.555226 -0.516102
47402 0.555225 -0.0391209 0.516104
47803 0.0391213 -0.555235 -0.516114
48104 0.555223 -0.039121 0.516102
48205 0.0391209 -0.555221 -0.5161
48306 0.555225 -0.0391232 0.516102
48407 0.0391238 -0.555229 -0.516105
48508 0.555226 -0.0391214 0.516104
48609 0.540804 -0.540803 8.67757e-07
48710 0.0391238 -0.555229 -0.516105
49211 0.555227 -0.0391228 0.516105
49312 0.0391233 -0.555229 -0.516106
49413 0.555224 -0.0391248 0.516099
49514 0.0391226 -0.555221 -0.516098
49915 0.55522 -0.0391215 0.516098
50016 0.0391238 -0.555227 -0.516103
