0 2.3167 -2.31671 -1.79248e-06
701 0.555226 -0.0391225 0.516103
802 0.0391234 -0.555229 -0.516106
903 0.555223 -0.0391217 0.516102
1004 0.039122 -0.555225 -0.516103
2805 0.555238 -0.0391244 0.516113
2906 0.0391225 -0.55522 -0.516097
3207 0.555222 -0.0391247 0.516097
3308 0.0391229 -0.555221 -0.516098
3409 0.555219 -0.0391219 0.516097
3510 0.0391241 -0.555224 -0.5161
3711 0.555238 -0.0391246 0.516113
3812 0.0391209 -0.555226 -0.516105
3913 0.555228 -0.0391229 0.516105
4014 0.0391244 -0.555218 -0.516093
4715 0.555226 -0.0391217 0.516104
4816 0.0391228 -0.555228 -0.516105
5217 0.555221 -0.0391228 0.516098
5318 0.0391224 -0.555228 -0.516106
5819 0.555219 -0.0391222 0.516097
5920 0.0391222 -0.555224 -0.516102
6521 0.555221 -0.0391215 0.516099
6622 0.0391229 -0.55522 -0.516097
6923 0.555228 -0.0391231 0.516105
7024 0.0391231 -0.555219 -0.516096
7225 0.555221 -0.0391228 0.516098
7326 0.0391244 -0.555229 -0.516104
7527 0.555226 -0.0391237 0.516102
7728 0.0391243 -0.555237 -0.516113
7829 0.555235 -0.0391226 0.516113
8030 0.039124 -0.555217 -0.516093
8131 0.555218 -0.0391234 0.516095
8232 0.540801 -0.540801 -2.71082e-07
8533 0.0391231 -0.555221 -0.516098
8734 0.555227 -0.0391234 0.516104
8835 0.0391237 -0.55522 -0.516096
8936 2.3167 -2.3167 -8.02461e-07
9037 0.555235 -0.0391232 0.516112
9338 0.0391227 -0.555221 -0.516098
9439 0.555227 -0.0391237 0.516104
9540 0.0391238 -0.55522 -0.516096
10241 0.555227 -0.0391239 0.516103
10342 0.0391239 -0.555227 -0.516103
10943 0.555229 -0.0391239 0.516105
11044 0.0391241 -0.555222 -0.516098
11145 0.555228 -0.0391242 0.516104
11246 0.0391238 -0.55522 -0.516096
11347 0.555229 -0.039124 0.516105
11448 0.0391211 -0.555219 -0.516098
11549 0.555229 -0.0391234 0.516105
11650 0.0391243 -0.555228 -0.516104
11751 0.555218 -0.0391231 0.516095
11852 0.0391217 -0.555219 -0.516097
11953 0.555221 -0.0391235 0.516098
12054 0.0391215 -0.555228 -0.516107
12655 0.555225 -0.0391225 0.516102
12756 0.0391245 -0.555222 -0.516098
13657 0.555228 -0.0391228 0.516106
13758 0.0391231 -0.555222 -0.516099
14159 0.555222 -0.0391245 0.516097
14260 0.0391226 -0.555222 -0.5161
14761 0.555227 -0.0391217 0.516105
15162 0.0391227 -0.55522 -0.516097
15363 0.555222 -0.0391245 0.516097
15464 0.0391238 -0.555229 -0.516105
15565 0.555236 -0.0391234 0.516112
15666 0.0391227 -0.555226 -0.516103
15867 0.555234 -0.0391216 0.516113
15968 0.0391225 -0.55522 -0.516097
16369 0.555228 -0.0391246 0.516104
16570 0.0391232 -0.555234 -0.516111
17071 0.555226 -0.0391228 0.516103
17172 0.0391237 -0.555222 -0.516098
17273 0.555216 -0.0391212 0.516095
17474 0.0391217 -0.555225 -0.516104
17775 0.555228 -0.0391237 0.516104
17876 0.0391239 -0.555221 -0.516097
18077 0.555235 -0.0391239 0.516111
18178 0.0391264 -0.555223 -0.516097
18279 0.555236 -0.0391231 0.516113
18480 0.0391244 -0.555229 -0.516105
18581 0.555218 -0.0391229 0.516096
18782 0.0391235 -0.555219 -0.516096
19183 0.555228 -0.0391232 0.516105
19284 0.0391202 -0.555218 -0.516098
19685 0.555223 -0.0391239 0.516099
19886 0.0391232 -0.555235 -0.516112
19987 0.555226 -0.0391216 0.516104
20288 0.0391235 -0.555221 -0.516097
20489 0.555221 -0.0391254 0.516095
20590 0.0391228 -0.555219 -0.516097
20691 0.555236 -0.0391235 0.516112
20792 0.0391236 -0.55523 -0.516107
20993 0.555234 -0.0391225 0.516112
21094 0.0391214 -0.555219 -0.516097
21395 0.555226 -0.0391223 0.516104
21496 0.0391236 -0.555221 -0.516097
21597 0.555226 -0.0391217 0.516104
21798 0.0391232 -0.555229 -0.516106
21899 0.555221 -0.0391238 0.516097
22000 0.0391241 -0.555222 -0.516098
22101 0.555227 -0.0391219 0.516105
22202 0.0391236 -0.555236 -0.516112
22303 0.555221 -0.0391236 0.516097
22404 0.0391218 -0.555228 -0.516106
23605 0.555221 -0.0391237 0.516097
23706 0.0391237 -0.555227 -0.516103
24207 0.555217 -0.0391213 0.516096
24308 0.0391237 -0.555229 -0.516106
24809 0.555223 -0.0391246 0.516098
24910 0.0391235 -0.555228 -0.516104
25211 0.555223 -0.0391227 0.5161
25412 0.039123 -0.555227 -0.516104
25613 0.555222 -0.0391255 0.516096
25714 0.0391232 -0.555227 -0.516104
25915 0.555233 -0.0391206 0.516112
26016 0.0391248 -0.555231 -0.516106
26217 0.55522 -0.0391246 0.516096
26318 0.0391228 -0.555227 -0.516104
26519 0.555215 -0.0391176 0.516097
26620 0.0391241 -0.55522 -0.516096
26821 0.555218 -0.0391235 0.516095
26922 0.0391249 -0.555223 -0.516098
27023 0.555238 -0.0391237 0.516114
27124 0.0391227 -0.555234 -0.516112
27225 0.555228 -0.0391242 0.516104
27326 0.0391265 -0.555225 -0.516098
28727 0.555218 -0.0391226 0.516096
28828 0.039123 -0.555227 -0.516104
28929 0.555221 -0.0391242 0.516097
29030 0.0391244 -0.555228 -0.516104
29131 0.555228 -0.0391232 0.516105
29232 0.0391246 -0.555221 -0.516096
29533 0.555218 -0.0391212 0.516097
29734 0.0391241 -0.555228 -0.516103
29935 0.555219 -0.0391209 0.516098
30036 0.0391242 -0.555228 -0.516104
30237 0.555236 -0.0391231 0.516113
30638 0.0391239 -0.555228 -0.516105
30839 0.555235 -0.0391223 0.516112
30940 0.0391226 -0.55522 -0.516098
31041 0.555235 -0.0391227 0.516113
31142 0.0391227 -0.555227 -0.516104
31243 0.555221 -0.0391242 0.516097
31344 0.0391231 -0.555236 -0.516113
32245 0.555229 -0.0391233 0.516106
32346 0.0391227 -0.555227 -0.516104
32447 0.555216 -0.0391191 0.516097
32548 0.0391245 -0.555224 -0.516099
32649 0.555226 -0.0391229 0.516103
32750 0.0391229 -0.555227 -0.516104
32851 0.555228 -0.0391226 0.516105
32952 0.0391242 -0.55523 -0.516105
33053 0.555227 -0.0391234 0.516103
33154 0.0391221 -0.555228 -0.516106
33955 0.555228 -0.0391221 0.516106
34056 0.0391239 -0.555228 -0.516104
34257 0.555234 -0.0391225 0.516112
34558 0.039123 -0.555223 -0.5161
35559 0.555222 -0.0391247 0.516097
35860 0.0391242 -0.555222 -0.516098
36261 0.55522 -0.0391227 0.516097
36462 0.0391232 -0.555236 -0.516113
36763 0.555235 -0.0391227 0.516113
36864 0.0391235 -0.555227 -0.516103
37065 0.555228 -0.039123 0.516105
37166 0.0391241 -0.555224 -0.516099
37267 0.555228 -0.0391233 0.516105
37368 0.0391238 -0.555222 -0.516098
37869 0.555226 -0.0391219 0.516104
37970 0.0391227 -0.555234 -0.516111
38671 0.555234 -0.0391218 0.516113
38772 0.0391237 -0.555236 -0.516112
39373 0.555227 -0.0391233 0.516104
39474 0.0391235 -0.555228 -0.516104
39575 0.55522 -0.0391227 0.516097
39676 0.0391233 -0.555234 -0.516111
40377 0.555234 -0.0391224 0.516112
40478 0.0391232 -0.555223 -0.5161
40579 0.555216 -0.0391208 0.516095
40680 0.039124 -0.555217 -0.516093
40781 0.55523 -0.0391237 0.516106
40882 0.0391224 -0.555219 -0.516097
41083 0.555225 -0.0391215 0.516103
41284 0.0391239 -0.555222 -0.516098
41385 0.555219 -0.039123 0.516096
41486 0.0391234 -0.555228 -0.516105
41587 0.555228 -0.0391229 0.516105
41688 0.0391234 -0.555226 -0.516103
41789 0.555229 -0.0391239 0.516105
41890 0.0391243 -0.555222 -0.516098
42191 0.555228 -0.0391234 0.516104
42292 0.039123 -0.555228 -0.516105
42493 0.555218 -0.0391206 0.516098
42594 0.0391228 -0.55522 -0.516097
42995 0.555227 -0.0391232 0.516104
43096 0.039123 -0.555218 -0.516095
43197 0.555228 -0.0391233 0.516105
43298 0.0391245 -0.555222 -0.516097
43699 0.555229 -0.0391243 0.516105
43800 0.039122 -0.555228 -0.516106
43901 0.555234 -0.0391224 0.516112
44102 0.0391214 -0.555219 -0.516097
44203 0.555226 -0.0391221 0.516104
44304 0.0391239 -0.555228 -0.516104
44905 0.555221 -0.0391233 0.516098
45006 0.0391242 -0.555221 -0.516097
45107 0.555222 -0.0391249 0.516097
45408 0.0391244 -0.555221 -0.516096
45609 0.555234 -0.0391228 0.516111
45810 0.0391234 -0.555225 -0.516101
45911 0.555228 -0.0391236 0.516104
46012 0.0391226 -0.555226 -0.516104
46313 0.555228 -0.0391233 0.516104
46414 0.0391232 -0.555229 -0.516106
46715 0.555219 -0.0391236 0.516096
46816 0.0391221 -0.555227 -0.516105
46917 0.55523 -0.0391225 0.516107
47018 0.0391227 -0.555219 -0.516097
47119 0.555218 -0.0391224 0.516096
47320 0.540801 -0.540805 -4.35779e-06
47421 0.0391237 -0.555229 -0.516105
47722 0.555226 -0.0391219 0.516104
47823 0.0391226 -0.555225 -0.516103
47924 0.555227 -0.039123 0.516104
48125 0.0391215 -0.555225 -0.516104
48326 0.555221 -0.0391245 0.516097
48527 0.0391222 -0.55523 -0.516108
49128 0.555219 -0.0391232 0.516096
49229 0.0391231 -0.555235 -0.516112
49330 0.555228 -0.0391242 0.516104
49431 0.0391245 -0.555235 -0.516111
49632 0.555235 -0.0391221 0.516113
49733 0.0391222 -0.555227 -0.516105
49834 0.555228 -0.0391232 0.516105
49935 0.039123 -0.555228 -0.516105
