100 0.555229 -0.0391217 0.516107
201 0.0391215 -0.555217 -0.516096
502 0.555235 -0.0391231 0.516112
603 0.0391217 -0.555221 -0.516099
804 0.555229 -0.0391216 0.516107
905 0.0391225 -0.555227 -0.516104
1006 2.31671 -2.3167 8.4952e-07
1307 0.555225 -0.0391245 0.5161
1508 0.0391234 -0.555222 -0.516098
2109 0.555227 -0.0391218 0.516105
2210 0.0391234 -0.555221 -0.516097
2311 0.555225 -0.0391217 0.516103
2412 0.0391228 -0.55522 -0.516097
2513 2.3167 -2.31671 -1.63998e-06
2614 0.555222 -0.0391248 0.516097
2715 0.0391254 -0.555223 -0.516098
2816 0.555235 -0.0391235 0.516111
2917 0.039122 -0.555228 -0.516105
3218 0.555219 -0.0391233 0.516096
3319 0.039123 -0.555219 -0.516096
3820 0.555217 -0.0391208 0.516096
3921 0.0391216 -0.555225 -0.516103
4022 0.555229 -0.0391231 0.516106
4123 0.039123 -0.555229 -0.516106
4224 0.555229 -0.0391244 0.516105
4325 0.0391216 -0.55522 -0.516098
4626 0.555223 -0.0391237 0.516099
4727 0.0391226 -0.555221 -0.516098
5028 0.555229 -0.039124 0.516105
5129 0.0391247 -0.55522 -0.516096
5230 0.555221 -0.039123 0.516098
5431 0.0391228 -0.555222 -0.516099
5732 0.555235 -0.0391233 0.516112
5833 0.0391241 -0.555223 -0.516099
6234 0.555229 -0.0391236 0.516105
6335 0.0391225 -0.55523 -0.516107
6436 0.555222 -0.0391242 0.516098
6537 0.0391221 -0.555227 -0.516105
6638 0.55522 -0.039124 0.516096
6739 0.0391237 -0.555229 -0.516105
7540 0.555219 -0.039122 0.516097
7641 0.0391241 -0.55523 -0.516106
7742 0.55522 -0.0391233 0.516097
7843 0.0391235 -0.555224 -0.5161
8144 0.555219 -0.0391223 0.516097
8245 0.0391219 -0.555223 -0.516101
8346 0.555224 -0.0391246 0.516099
8447 0.0391236 -0.55522 -0.516096
8748 0.555227 -0.0391225 0.516105
8849 0.0391226 -0.555226 -0.516103
9050 0.555227 -0.0391218 0.516105
9151 0.0391224 -0.55522 -0.516098
9252 0.555234 -0.0391219 0.516112
9353 0.0391225 -0.555227 -0.516105
9454 0.555219 -0.0391228 0.516096
9555 0.0391234 -0.555223 -0.5161
9756 0.555221 -0.0391233 0.516098
9857 0.0391241 -0.555227 -0.516103
9958 0.555225 -0.0391211 0.516104
10059 0.0391233 -0.555225 -0.516102
10260 0.555228 -0.039122 0.516106
10561 0.039125 -0.555223 -0.516098
11562 0.55522 -0.0391219 0.516098
11763 0.0391216 -0.555225 -0.516104
11964 0.555229 -0.0391232 0.516106
12165 0.039122 -0.555235 -0.516113
12466 0.555228 -0.0391232 0.516105
12567 0.0391246 -0.555223 -0.516098
12968 0.555229 -0.0391228 0.516106
13069 0.0391234 -0.555226 -0.516102
13170 0.555226 -0.0391215 0.516104
13271 0.039123 -0.555222 -0.516099
13572 0.555236 -0.0391232 0.516112
13773 0.0391241 -0.555228 -0.516104
14374 0.555218 -0.0391221 0.516096
14575 0.0391242 -0.555229 -0.516104
14676 2.3167 -2.3167 -1.17096e-07
15177 0.555228 -0.0391245 0.516104
15278 0.0391222 -0.555225 -0.516102
15479 0.555221 -0.0391233 0.516097
15680 0.0391223 -0.555222 -0.516099
15781 0.55522 -0.0391232 0.516097
15882 0.0391224 -0.555221 -0.516099
15983 0.555228 -0.0391236 0.516104
16084 0.0391228 -0.555227 -0.516104
16485 0.555226 -0.0391223 0.516103
16586 0.0391237 -0.55523 -0.516106
16887 0.555228 -0.0391229 0.516105
16988 0.0391231 -0.555227 -0.516104
17189 0.555222 -0.0391221 0.5161
17390 0.0391224 -0.555234 -0.516112
17591 0.55522 -0.0391227 0.516098
17692 0.0391229 -0.555227 -0.516104
17793 0.555221 -0.0391224 0.516098
17894 0.0391224 -0.555219 -0.516097
17995 0.555228 -0.0391242 0.516104
18096 0.0391236 -0.555235 -0.516112
18297 0.55523 -0.0391227 0.516107
18498 0.0391228 -0.555223 -0.5161
18799 0.555222 -0.0391263 0.516096
18900 0.0391224 -0.55522 -0.516097
19001 0.555236 -0.039124 0.516112
19102 0.0391213 -0.555221 -0.516099
19203 0.555225 -0.0391221 0.516103
19304 0.0391242 -0.555229 -0.516105
19605 0.555235 -0.039123 0.516112
19706 0.0391267 -0.555224 -0.516097
19807 0.555228 -0.0391219 0.516106
19908 0.0391241 -0.555236 -0.516112
20009 0.555225 -0.0391218 0.516104
20110 0.039122 -0.55522 -0.516098
20211 0.555233 -0.0391226 0.51611
20312 0.0391236 -0.555227 -0.516103
20413 0.555219 -0.0391224 0.516097
20514 0.0391222 -0.555227 -0.516105
20615 0.555221 -0.0391222 0.516099
20816 0.0391241 -0.555221 -0.516097
21117 0.555229 -0.0391241 0.516105
21218 0.0391219 -0.555226 -0.516104
21319 2.31671 -2.31671 2.99497e-06
21420 0.555235 -0.0391224 0.516113
21521 0.0391232 -0.555228 -0.516105
21722 0.55522 -0.0391225 0.516098
21823 0.039122 -0.55522 -0.516098
21924 0.555221 -0.0391229 0.516098
22125 0.0391241 -0.555229 -0.516105
22326 0.555231 -0.0391255 0.516105
22527 0.0391222 -0.555226 -0.516104
22628 0.555235 -0.0391229 0.516112
22829 0.0391215 -0.555234 -0.516112
23430 0.555228 -0.0391247 0.516103
23531 0.0391246 -0.555238 -0.516113
23932 0.555227 -0.0391221 0.516105
24133 0.540803 -0.540802 1.68808e-06
24234 0.039122 -0.555226 -0.516104
24335 0.555236 -0.0391228 0.516113
24536 0.0391238 -0.555224 -0.516101
24937 0.555219 -0.0391239 0.516095
25038 0.0391224 -0.555235 -0.516113
25139 0.555221 -0.0391236 0.516097
25240 0.039125 -0.555224 -0.516099
25441 0.555229 -0.0391247 0.516104
25542 0.0391228 -0.555227 -0.516104
25643 0.55523 -0.0391239 0.516106
25744 0.0391231 -0.555229 -0.516106
25845 0.555226 -0.0391211 0.516105
25946 0.0391246 -0.555221 -0.516097
26347 0.555219 -0.0391217 0.516097
26448 0.0391236 -0.555235 -0.516112
26649 0.555224 -0.039124 0.5161
26950 0.0391231 -0.555227 -0.516104
27051 0.555226 -0.0391229 0.516103
27152 0.0391231 -0.555226 -0.516103
27253 0.555228 -0.0391223 0.516106
27454 0.0391211 -0.555226 -0.516105
27755 0.555221 -0.0391215 0.5161
27856 0.0391228 -0.555223 -0.5161
28257 0.555226 -0.0391229 0.516103
28358 0.0391234 -0.555228 -0.516105
28659 0.555227 -0.0391229 0.516104
28960 0.0391241 -0.555229 -0.516105
29161 0.555234 -0.0391217 0.516112
29262 0.0391222 -0.555221 -0.516099
29363 0.555224 -0.0391237 0.5161
29464 0.0391233 -0.555221 -0.516098
29565 0.555218 -0.039121 0.516097
29666 0.0391238 -0.555235 -0.516112
29767 0.55523 -0.0391237 0.516106
29868 0.0391236 -0.555229 -0.516105
29969 0.555226 -0.0391203 0.516106
30070 0.540802 -0.540804 -1.88696e-06
30271 0.0391256 -0.555228 -0.516102
31072 0.555224 -0.0391212 0.516102
31173 0.0391224 -0.555225 -0.516103
31374 0.555228 -0.0391227 0.516105
31475 0.0391239 -0.55523 -0.516106
31576 0.555226 -0.0391217 0.516104
31677 0.0391226 -0.555221 -0.516099
31878 0.555229 -0.0391232 0.516105
31979 0.0391222 -0.555221 -0.516099
32280 0.555217 -0.039121 0.516096
32381 0.0391227 -0.555227 -0.516104
32582 0.555227 -0.0391237 0.516104
32683 0.0391238 -0.555228 -0.516104
32784 0.555219 -0.0391233 0.516096
32885 0.0391206 -0.555233 -0.516112
32986 0.555228 -0.0391238 0.516104
33087 0.0391243 -0.555229 -0.516105
33388 0.555221 -0.0391226 0.516098
33489 0.039124 -0.555227 -0.516103
34290 0.555221 -0.0391229 0.516098
34391 0.0391236 -0.555229 -0.516105
34792 0.555224 -0.0391213 0.516102
34893 0.0391246 -0.555222 -0.516097
35094 0.555228 -0.0391224 0.516106
35395 0.0391229 -0.555227 -0.516104
36096 0.555218 -0.0391226 0.516095
36197 0.0391228 -0.55522 -0.516097
36598 0.555219 -0.0391212 0.516098
36699 0.0391223 -0.555229 -0.516106
37500 0.555226 -0.0391235 0.516103
37601 0.0391235 -0.555219 -0.516096
37702 0.555228 -0.0391234 0.516104
37803 0.0391237 -0.555228 -0.516105
37904 0.555219 -0.0391226 0.516096
38005 0.0391235 -0.555228 -0.516105
38306 0.555228 -0.039123 0.516105
38407 0.0391234 -0.555236 -0.516113
38508 0.555228 -0.0391247 0.516103
38609 0.039122 -0.555234 -0.516112
38710 0.555224 -0.0391232 0.516101
38811 0.0391239 -0.555223 -0.5161
39012 0.555222 -0.0391242 0.516098
39113 0.0391214 -0.55522 -0.516099
39314 0.555228 -0.039123 0.516105
39415 0.0391228 -0.555226 -0.516104
39616 0.555225 -0.0391211 0.516104
39717 0.0391261 -0.555224 -0.516098
40118 0.555226 -0.0391223 0.516104
40219 0.0391224 -0.555229 -0.516107
40320 0.555228 -0.0391233 0.516105
40421 0.0391235 -0.555222 -0.516098
40522 0.555226 -0.0391221 0.516104
40623 0.0391243 -0.555224 -0.5161
40724 0.555236 -0.0391236 0.516113
40825 0.0391235 -0.555219 -0.516096
40926 0.55522 -0.0391232 0.516097
41127 0.0391234 -0.555228 -0.516105
41328 0.555223 -0.0391248 0.516098
41429 0.0391212 -0.555221 -0.516099
41530 0.555235 -0.0391223 0.516112
41631 0.0391229 -0.555221 -0.516098
42332 0.555219 -0.0391204 0.516098
42433 0.0391246 -0.555237 -0.516112
42634 0.555235 -0.0391223 0.516113
42735 0.039121 -0.555218 -0.516097
42936 0.555236 -0.0391232 0.516113
43037 0.0391219 -0.555227 -0.516105
43538 0.55522 -0.0391227 0.516098
43639 0.0391239 -0.555221 -0.516098
43840 0.555234 -0.0391216 0.516112
43941 0.0391217 -0.555227 -0.516105
44042 0.555228 -0.0391241 0.516103
44243 0.039123 -0.55522 -0.516097
44344 0.555227 -0.0391221 0.516105
44545 0.0391225 -0.555226 -0.516104
44646 0.555223 -0.0391259 0.516097
44747 0.0391218 -0.555228 -0.516107
44848 0.555221 -0.0391241 0.516097
44949 0.0391228 -0.55522 -0.516097
45250 0.555228 -0.0391237 0.516105
45351 0.0391229 -0.555228 -0.516105
45452 0.555227 -0.0391218 0.516105
45853 0.0391235 -0.555227 -0.516104
45954 0.555236 -0.0391232 0.516112
46155 0.0391237 -0.555236 -0.516112
46356 0.555222 -0.0391242 0.516098
46557 0.0391234 -0.555235 -0.516111
46758 0.555229 -0.0391234 0.516105
46959 0.0391228 -0.55522 -0.516097
47160 0.555235 -0.0391233 0.516111
47261 0.0391232 -0.555228 -0.516105
47362 0.555224 -0.0391258 0.516098
47463 0.0391226 -0.555223 -0.516101
47664 0.555228 -0.0391243 0.516104
47865 0.0391232 -0.555221 -0.516098
48066 0.555235 -0.039123 0.516112
48167 0.039122 -0.555226 -0.516104
48268 0.555226 -0.0391222 0.516104
48369 0.0391216 -0.55522 -0.516098
48670 0.555224 -0.0391234 0.5161
48771 0.0391233 -0.555224 -0.516101
49572 0.555234 -0.0391225 0.516112
49673 0.0391251 -0.555237 -0.516112
50174 0.555237 -0.0391249 0.516112
