500 0.555227 -0.0391216 0.516105
601 0.0391252 -0.555224 -0.516099
1202 0.555225 -0.0391232 0.516102
1303 0.0391222 -0.555227 -0.516105
2204 0.555222 -0.0391232 0.516099
2305 0.0391241 -0.555219 -0.516095
2606 0.555226 -0.0391219 0.516105
2707 0.0391245 -0.555222 -0.516097
2808 0.555226 -0.0391224 0.516104
2909 0.0391224 -0.555228 -0.516106
3110 0.555222 -0.0391228 0.516099
3211 0.0391232 -0.55522 -0.516096
3412 0.55523 -0.039123 0.516107
3513 0.0391239 -0.555228 -0.516104
3714 0.555228 -0.0391235 0.516105
3815 0.0391243 -0.555219 -0.516095
4816 0.55522 -0.0391213 0.516099
4917 0.0391224 -0.555228 -0.516105
5118 0.555229 -0.0391239 0.516105
5219 0.0391192 -0.555216 -0.516097
5420 0.555229 -0.0391225 0.516106
5521 0.0391241 -0.555229 -0.516105
5822 0.555234 -0.039123 0.516111
5923 0.0391232 -0.555227 -0.516103
6224 0.555228 -0.039123 0.516105
6325 0.0391225 -0.555226 -0.516103
6926 0.55522 -0.039124 0.516096
7027 0.0391234 -0.555222 -0.516099
7328 0.555236 -0.0391225 0.516113
7529 0.0391226 -0.555226 -0.516103
7630 0.555228 -0.0391232 0.516105
7731 0.0391217 -0.555221 -0.516099
8132 0.555227 -0.0391214 0.516105
8233 0.0391234 -0.555228 -0.516105
8534 0.555237 -0.0391239 0.516113
8635 0.039124 -0.55522 -0.516096
9036 0.555235 -0.039124 0.516111
9137 0.0391219 -0.555221 -0.516099
9238 0.555229 -0.0391229 0.516106
9339 0.0391236 -0.555218 -0.516094
9640 0.555227 -0.0391231 0.516104
9741 0.0391242 -0.555229 -0.516105
9842 0.555227 -0.0391231 0.516104
10043 0.0391244 -0.555225 -0.5161
10144 0.555219 -0.039123 0.516096
10245 0.0391224 -0.555225 -0.516103
10446 0.555235 -0.0391218 0.516113
10547 0.0391223 -0.555218 -0.516096
11048 0.555221 -0.0391236 0.516097
11149 0.0391235 -0.555235 -0.516112
11750 0.555222 -0.0391234 0.516099
11851 0.0391244 -0.55522 -0.516095
12152 0.555228 -0.0391241 0.516104
12353 0.0391242 -0.555229 -0.516104
12454 0.555229 -0.0391246 0.516105
12755 0.0391219 -0.555224 -0.516102
12856 0.55522 -0.0391231 0.516097
12957 0.0391224 -0.555227 -0.516105
13358 0.555227 -0.0391224 0.516105
13559 0.0391215 -0.555222 -0.5161
13660 0.555224 -0.0391252 0.516099
13761 0.039124 -0.555223 -0.516099
14062 0.555226 -0.0391231 0.516103
14263 0.540805 -0.540804 1.33887e-06
14364 0.0391229 -0.555236 -0.516113
15165 0.555222 -0.0391226 0.5161
15266 0.0391246 -0.555222 -0.516097
15567 0.555236 -0.0391236 0.516113
15668 0.0391235 -0.555228 -0.516104
15969 0.555219 -0.0391226 0.516097
16070 0.0391232 -0.555229 -0.516105
16271 0.555233 -0.0391223 0.516111
16372 0.0391235 -0.555229 -0.516105
16873 0.555218 -0.0391218 0.516096
16974 0.0391244 -0.555229 -0.516104
17075 0.555229 -0.0391246 0.516104
17176 0.0391222 -0.555227 -0.516105
17777 0.555227 -0.0391226 0.516104
17878 0.039123 -0.555228 -0.516105
18079 0.55522 -0.0391225 0.516097
18180 0.0391222 -0.555219 -0.516097
18481 0.555237 -0.0391233 0.516113
18582 0.0391239 -0.55522 -0.516096
18983 0.555237 -0.0391235 0.516113
19184 0.0391237 -0.555229 -0.516105
19885 0.55523 -0.0391238 0.516106
19986 0.039123 -0.555218 -0.516096
20287 0.55523 -0.0391225 0.516107
20388 0.0391216 -0.555233 -0.516112
20489 0.555219 -0.0391227 0.516097
20590 0.540805 -0.540804 1.46e-07
20691 0.0391222 -0.555227 -0.516105
21092 0.55522 -0.0391228 0.516097
21193 0.0391242 -0.555228 -0.516104
21294 0.555228 -0.0391233 0.516105
21395 0.0391252 -0.555221 -0.516096
21596 0.555231 -0.0391249 0.516106
21797 0.0391234 -0.55523 -0.516107
22098 0.555225 -0.0391221 0.516103
22199 0.0391223 -0.555226 -0.516104
22400 0.555221 -0.0391237 0.516097
22501 0.0391245 -0.555223 -0.516099
22602 0.555222 -0.0391237 0.516098
22703 0.0391227 -0.555227 -0.516105
23004 0.555221 -0.0391217 0.516099
23105 0.0391232 -0.555226 -0.516102
23306 0.555229 -0.0391247 0.516104
23407 0.0391245 -0.555228 -0.516103
23708 0.555223 -0.0391232 0.516099
23809 0.0391216 -0.555226 -0.516105
24010 0.555229 -0.0391241 0.516105
24111 0.0391216 -0.555228 -0.516106
25712 0.555216 -0.0391205 0.516096
25813 0.0391232 -0.555227 -0.516103
27014 0.555229 -0.0391231 0.516106
27115 0.0391239 -0.55522 -0.516096
27216 0.555222 -0.0391236 0.516098
27317 0.0391248 -0.555237 -0.516112
27718 0.555235 -0.0391225 0.516112
27819 0.0391242 -0.555228 -0.516103
28020 0.555228 -0.0391223 0.516105
28121 0.0391221 -0.555218 -0.516096
28422 0.555226 -0.0391233 0.516103
28523 0.0391233 -0.555228 -0.516104
28724 0.555226 -0.0391232 0.516103
29025 0.039125 -0.555224 -0.516099
29826 0.555227 -0.039122 0.516105
29927 0.0391234 -0.555222 -0.516098
30028 0.555228 -0.0391229 0.516105
30129 0.0391224 -0.555225 -0.516103
30430 0.555227 -0.039123 0.516104
30531 0.0391231 -0.555228 -0.516105
30732 0.555222 -0.0391251 0.516097
31033 0.0391257 -0.555221 -0.516096
32434 0.555219 -0.0391239 0.516095
32535 0.0391219 -0.555219 -0.516097
33136 0.555228 -0.039123 0.516105
33237 0.0391215 -0.55522 -0.516099
33638 0.55522 -0.0391233 0.516097
33739 0.0391252 -0.555225 -0.516099
33940 0.555218 -0.0391219 0.516096
34041 0.0391232 -0.555228 -0.516105
34242 0.55523 -0.0391238 0.516106
34343 0.0391225 -0.555234 -0.516111
34844 0.555233 -0.0391217 0.516112
35045 0.0391227 -0.555218 -0.516096
35346 0.555222 -0.039124 0.516098
35547 0.0391227 -0.555222 -0.516099
37048 0.555219 -0.0391227 0.516096
37149 0.0391214 -0.555228 -0.516107
38950 0.555219 -0.0391219 0.516097
39051 0.039123 -0.555229 -0.516106
40152 0.555236 -0.0391237 0.516113
40353 0.0391222 -0.555235 -0.516112
40754 0.555229 -0.0391232 0.516106
40855 0.0391212 -0.555225 -0.516104
41056 0.55522 -0.0391246 0.516096
41157 0.0391236 -0.555223 -0.516099
41658 0.555221 -0.0391244 0.516097
41759 0.0391229 -0.55522 -0.516097
42060 0.55522 -0.0391234 0.516097
42161 0.0391225 -0.555227 -0.516104
44362 0.55522 -0.0391232 0.516096
44763 0.0391232 -0.555222 -0.516098
45264 0.555228 -0.0391227 0.516105
45365 0.0391234 -0.555218 -0.516095
46066 0.555221 -0.0391235 0.516097
46167 0.0391234 -0.555228 -0.516105
47068 0.55523 -0.0391248 0.516105
47169 0.0391225 -0.55522 -0.516098
47370 0.55522 -0.039123 0.516097
47571 0.0391229 -0.555228 -0.516105
47772 0.555236 -0.0391233 0.516113
47873 0.0391223 -0.555219 -0.516096
48274 0.555226 -0.0391231 0.516103
48375 0.0391214 -0.555234 -0.516112
48576 0.555228 -0.0391232 0.516105
48877 0.0391224 -0.555236 -0.516114
49178 0.55522 -0.0391233 0.516097
49279 0.0391234 -0.555222 -0.516099
