100 0.555227 -0.0391231 0.516104
201 0.0391222 -0.555228 -0.516106
402 0.555219 -0.0391232 0.516096
903 0.0391225 -0.555227 -0.516105
1004 2.3167 -2.3167 -1.48149e-06
1805 4.56829 -4.56829 1.19607e-06
1906 0.555225 -0.0391204 0.516105
2407 0.0391221 -0.55522 -0.516098
2908 2.31671 -2.3167 2.64354e-06
3009 0.555226 -0.0391218 0.516104
3110 0.0391232 -0.555223 -0.5161
3611 0.555227 -0.0391214 0.516106
3712 0.0391227 -0.55522 -0.516097
4613 0.555219 -0.039123 0.516096
4714 0.0391223 -0.555227 -0.516105
4915 0.555233 -0.0391216 0.516112
5116 0.0391238 -0.555227 -0.516104
5217 5.17121 -0.241797 4.92941
5318 0.432107 -0.0198359 0.412271
5719 0.0661331 -0.510953 -0.44482
5920 0.537052 -0.0300459 0.507006
6321 0.0300489 -0.537056 -0.507007
7122 0.247974 -0.230805 0.0171692
7223 0.534512 -0.0326706 0.501841
7424 0.0385451 -0.55284 -0.514295
7525 0.51003 -0.0467765 0.463253
7726 2.26055 -2.23973 0.0208144
7927 0.526077 -0.0263392 0.499738
8028 0.0236235 -0.535404 -0.511781
8229 0.241315 -0.234599 0.00671565
8530 0.235217 -0.249273 -0.0140552
8831 0.51894 -0.447823 0.0711166
10032 0.0274777 -0.541788 -0.514311
10433 0.524177 -0.0285763 0.495601
10534 0.0285775 -0.52418 -0.495602
10835 0.587482 -5.51054 -4.92306
10936 0.555221 -0.0391237 0.516097
11037 0.0391239 -0.555223 -0.516099
11238 2.31671 -2.31671 -2.19577e-06
11339 0.555218 -0.0391219 0.516096
11940 0.0391223 -0.555235 -0.516113
12041 0.555222 -0.0391236 0.516098
12142 0.0391205 -0.555223 -0.516102
12243 0.555227 -0.0391228 0.516104
12544 0.0391232 -0.555221 -0.516098
12645 0.555228 -0.0391243 0.516104
13346 0.0391242 -0.555228 -0.516104
13447 0.55522 -0.0391219 0.516098
13648 4.78964 -4.78964 6.54114e-07
14049 0.0391224 -0.555219 -0.516097
14150 0.555223 -0.0391232 0.5161
14351 0.0391214 -0.555227 -0.516105
14752 2.31671 -2.3167 4.60203e-06
14853 5.13282 -0.0158226 5.11699
15054 0.541874 -0.0364082 0.505466
15655 0.0256459 -5.64811 -5.62247
15856 0.555222 -0.0391229 0.516099
16057 0.0391255 -0.555222 -0.516097
16158 0.555227 -0.0391227 0.516105
16259 0.0391229 -0.555227 -0.516104
16860 0.555227 -0.0391231 0.516104
16961 0.0391233 -0.555222 -0.516099
17362 0.555222 -0.0391241 0.516098
17563 0.0391224 -0.555219 -0.516097
18364 0.555219 -0.0391243 0.516094
18665 0.0391225 -0.555227 -0.516105
18766 0.555218 -0.0391223 0.516096
18867 0.0391212 -0.555221 -0.5161
19168 0.55523 -0.0391235 0.516106
19269 0.0391248 -0.555223 -0.516098
19570 0.555236 -0.0391242 0.516111
19771 0.039123 -0.555222 -0.516099
20172 0.555234 -0.0391226 0.516111
20373 0.0391248 -0.555227 -0.516102
20574 2.31671 -2.3167 4.29473e-07
20675 0.555227 -0.0391231 0.516104
20976 0.0391255 -0.55522 -0.516094
21377 0.555229 -0.039125 0.516104
21878 0.0391239 -0.555227 -0.516103
21979 0.555219 -0.0391219 0.516097
22080 0.0391238 -0.555221 -0.516097
22181 2.3167 -2.31671 -1.24597e-06
22682 4.80268 -4.80268 1.23106e-06
23783 2.3167 -2.3167 -2.60039e-06
24884 0.555234 -0.0391222 0.516112
25485 0.0391231 -0.55522 -0.516097
25886 0.555227 -0.0391232 0.516104
26287 0.0391231 -0.555229 -0.516105
26588 2.31671 -2.31671 -2.04345e-06
27089 0.555236 -0.039123 0.516113
27290 0.0391234 -0.555223 -0.516099
27691 0.555229 -0.0391226 0.516106
27892 0.0391239 -0.555224 -0.5161
28193 0.555228 -0.0391222 0.516106
28294 0.0391229 -0.555229 -0.516106
28895 5.09044 -0.00440411 5.08603
29196 0.00440645 -5.09044 -5.08603
29297 0.555236 -0.0391243 0.516112
29398 0.039122 -0.555218 -0.516096
29499 0.555226 -0.0391217 0.516105
29800 0.0391217 -0.555236 -0.516114
29901 2.3167 -2.3167 4.84585e-07
30002 5.09721 -0.094458 5.00275
30203 0.279606 -0.253019 0.0265872
30904 0.438224 -0.13459 0.303634
32605 0.00597158 -0.531711 -0.525739
32706 0.0943653 -4.90159 -4.80722
32907 0.555223 -0.0391236 0.516099
33008 0.0391224 -0.555227 -0.516105
33209 2.31671 -2.31671 -1.12285e-07
33810 0.555221 -0.0391215 0.5161
33911 0.0391235 -0.555221 -0.516097
34012 0.555226 -0.0391212 0.516105
34113 0.0391229 -0.555222 -0.516099
34214 0.555227 -0.0391226 0.516104
34615 0.0391237 -0.555222 -0.516098
35116 4.86669 -4.86669 -4.01985e-07
35517 0.555235 -0.0391221 0.516112
35818 4.88 -0.0738728 4.80612
35919 0.0743062 -0.447159 -0.372852
36120 0.509154 -0.043261 0.465893
36421 0.0425984 -4.94176 -4.89916
36822 0.540804 -0.540804 -4.91183e-07
36923 0.0391237 -0.555229 -0.516105
37124 0.555223 -0.0391198 0.516104
37225 0.039124 -0.555221 -0.516097
37926 0.555229 -0.0391236 0.516105
38127 0.0391229 -0.55522 -0.516097
38328 0.555229 -0.0391237 0.516105
38429 0.039123 -0.555221 -0.516098
38530 0.555226 -0.0391254 0.5161
38631 0.540801 -0.540804 -3.09249e-06
38732 0.540806 -0.540804 1.52768e-06
39033 0.0391247 -0.555221 -0.516097
39234 2.3167 -2.3167 -9.52549e-07
39435 4.94941 -0.140809 4.8086
39636 4.81597 -4.739 0.0769704
39837 0.240131 -0.226192 0.0139382
39938 0.247986 -0.238817 0.00916852
40139 0.200878 -0.231984 -0.031106
40240 2.26734 -2.21324 0.0541055
40341 0.225942 -0.212254 0.013688
40442 0.212252 -0.225938 -0.0136857
40543 0.278102 -0.235994 0.0421074
40844 0.240218 -0.278889 -0.0386712
40945 0.302238 -5.23734 -4.9351
41046 2.3167 -2.31671 -5.43295e-07
41447 0.555228 -0.0391237 0.516104
41548 0.540803 -0.540802 1.43714e-06
41749 0.0391228 -0.555218 -0.516096
41850 0.555218 -0.0391215 0.516097
42251 0.0391235 -0.555222 -0.516099
42452 0.555227 -0.0391191 0.516108
42553 0.039121 -0.555233 -0.516112
42654 0.555234 -0.0391218 0.516112
42955 0.0391249 -0.555237 -0.516112
43056 4.98485 -0.00311103 4.98173
43757 0.495631 -0.026121 0.46951
44858 0.0401298 -5.49114 -5.45101
45059 0.555231 -0.0391247 0.516106
45160 0.0391215 -0.555226 -0.516105
45961 4.79942 -4.79942 -6.52134e-07
46362 0.555228 -0.0391219 0.516106
46663 0.0391235 -0.555229 -0.516106
46764 0.55523 -0.0391246 0.516105
47465 0.0391215 -0.555219 -0.516098
47966 5.05417 -0.217842 4.83633
48167 2.20368 -2.19921 0.00446567
48468 0.137126 -4.97792 -4.84079
49069 2.31671 -2.3167 1.04365e-06
49270 2.3167 -2.31671 -1.30778e-06
49471 0.555227 -0.0391233 0.516104
49972 0.039122 -0.555224 -0.516102
50073 0.555229 -0.0391233 0.516105
