200 4.32406 -4.32406 -9.93266e-07
401 0.555223 -0.0391245 0.516098
602 0.0391237 -0.555228 -0.516104
703 0.555218 -0.0391214 0.516096
1304 0.0391234 -0.555228 -0.516104
2305 0.555226 -0.0391231 0.516103
3506 0.540805 -0.540804 7.3721e-07
5007 0.0391253 -0.555224 -0.516099
5408 0.555228 -0.0391222 0.516105
6109 0.0391221 -0.55522 -0.516097
6510 0.555219 -0.0391223 0.516097
7211 0.540803 -0.540806 -2.45087e-06
7412 0.0391239 -0.55522 -0.516096
7513 5.04343 -0.0871226 4.9563
7614 0.0871266 -5.04343 -4.9563
8315 0.555229 -0.0391248 0.516104
8816 0.0391234 -0.55523 -0.516107
10117 5.05434 -0.00294202 5.0514
10818 0.00800519 -5.0594 -5.0514
12519 5.19346 -0.243481 4.94998
14120 0.160037 -5.11002 -4.94998
14621 5.0198 -0.105849 4.91395
15022 0.105847 -5.0198 -4.91396
16023 5.24051 -0.32408 4.91643
17524 0.534105 -0.0413048 0.4928
19125 0.0415147 -0.53431 -0.492795
19226 0.318516 -5.23494 -4.91643
19327 5.05439 -0.129184 4.9252
19528 0.129183 -5.05439 -4.92521
19829 2.3167 -2.31671 -4.87408e-07
20130 2.31671 -2.31671 -3.73652e-06
20631 5.17195 -0.277035 4.89491
21332 5.16692 -0.243272 4.92365
22433 0.332147 -0.253561 0.0785857
23034 0.712382 -0.819607 -0.107225
25235 0.134725 -4.4905 -4.35578
27636 0.0334095 -0.535 -0.50159
27837 0.548336 -0.0418311 0.506505
29838 0.258955 -0.260554 -0.00159887
30239 0.0361921 -0.541202 -0.50501
30440 0.525763 -0.045198 0.480565
31041 0.0330178 -0.523023 -0.490006
31842 0.243826 -0.25868 -0.0148547
31943 0.503865 -0.0429063 0.460959
32344 0.0429069 -0.503867 -0.46096
32645 0.491164 -0.0188298 0.472334
33146 0.0400873 -0.553112 -0.513025
34047 0.367191 -0.020692 0.346499
38248 0.240208 -0.250284 -0.0100762
38449 0.467272 -0.0102716 0.457
40650 0.0335264 -0.350383 -0.316857
42951 0.131456 -4.96003 -4.82858
43152 0.0391214 -0.555224 -0.516103
43653 5.24185 -0.295413 4.94644
45754 2.00335 -2.07326 -0.0699118
45855 0.0911315 -4.96765 -4.87652
45956 2.31671 -2.31671 -1.23748e-06
46157 0.555222 -0.0391229 0.516099
47858 0.0391219 -0.555224 -0.516102
48059 0.555221 -0.0391239 0.516098
