0 0.555221 -0.0391222 0.516099
601 0.0391197 -0.555222 -0.516102
1102 5.0879 -5.0879 1.50724e-06
1803 0.555234 -0.0391216 0.516113
2004 0.039125 -0.555224 -0.516099
2105 4.94212 -0.142848 4.79927
2406 0.174829 -4.9741 -4.79927
3007 5.16873 -0.20903 4.9597
5208 0.20903 -5.16874 -4.95971
5609 4.78737 -4.78737 -4.6185e-06
6910 5.06593 -5.06593 -2.97226e-07
8011 0.55523 -0.0391242 0.516105
8912 5.07378 -0.147738 4.92604
13913 0.175793 -5.10115 -4.92536
15114 0.0391226 -0.555226 -0.516103
15215 5.22647 -0.310425 4.91604
15616 0.0897972 -5.00494 -4.91515
15917 0.555222 -0.0391247 0.516097
17018 0.0391242 -0.55523 -0.516105
17419 4.81625 -4.81626 -8.86115e-06
17720 5.09114 -0.0394355 5.0517
18021 0.0394355 -5.09114 -5.0517
18622 0.555226 -0.0391221 0.516104
19023 5.12635 -0.199872 4.92648
19424 0.623991 -0.0281977 0.595793
31725 0.0413105 -0.607507 -0.566196
33826 0.0273116 -0.542372 -0.51506
36927 0.526906 -5.48402 -4.95712
37628 5.01151 -0.064351 4.94715
42429 4.4024 -0.050938 4.35146
