400 0.555219 -0.0391209 0.516098
701 0.0391255 -0.555223 -0.516098
1002 2.31671 -2.31671 9.22869e-07
1903 2.31671 -2.31671 1.13543e-06
2404 5.11703 -0.205914 4.91111
2705 2.18417 -2.18414 2.90104e-05
4606 0.222593 -0.280597 -0.0580042
4907 0.261083 -0.222174 0.0389089
5208 2.2574 -2.25684 0.00055822
5509 0.482717 -0.0243514 0.458366
5810 0.0243529 -0.482719 -0.458366
5911 0.530123 -0.03761 0.492514
6212 0.0398178 -0.53822 -0.498402
6313 0.288162 -0.248302 0.0398605
6514 0.243561 -0.263188 -0.0196269
7015 2.29335 -2.258 0.0353527
7216 4.41722 0.00217001 4.41939
8717 -0.00216604 -4.41722 -4.41939
9018 0.468755 -0.0572954 0.411459
10219 0.0572922 -0.468753 -0.411461
10520 0.236031 -0.266057 -0.0300266
11121 0.105153 -5.01724 -4.91208
11222 5.18046 -0.232008 4.94846
11323 0.153451 -0.19441 -0.040959
11724 1.76897 -1.99845 -0.229484
11925 0.181167 -0.325662 -0.144495
12626 0.0451459 -4.57865 -4.5335
12827 5.15017 -0.216671 4.9335
13028 0.261354 -0.259765 0.00158967
13229 0.511549 -0.0491471 0.462401
14230 0.50948 -0.0268204 0.482659
14831 0.513596 -0.510573 0.00302267
17032 0.0462823 -0.500425 -0.454143
17633 0.0336684 -0.529396 -0.495728
18534 0.529321 -0.0335933 0.495728
21835 0.0278345 -0.521775 -0.493941
22836 0.522775 -0.0209727 0.501803
22937 0.0209732 -0.522775 -0.501801
23238 5.02391 -0.0434422 4.98047
24639 0.0762965 -5.16995 -5.09365
24740 0.548073 -0.0217254 0.526348
24941 0.462234 -0.560405 -0.0981708
26242 0.0525695 -4.78654 -4.73397
26443 5.00668 -0.134884 4.87179
26544 0.134884 -5.00668 -4.87179
26745 0.0391216 -0.555235 -0.516114
26846 0.555228 -0.0391238 0.516104
27247 0.0391247 -0.555222 -0.516097
27748 5.05646 0.000824521 5.05729
29349 0.0161094 -5.07343 -5.05732
29450 5.05033 -0.00231783 5.04801
29651 0.00231631 -5.05033 -5.04802
30752 5.01579 -0.0954042 4.92038
30953 0.0954026 -5.01579 -4.92039
31554 5.61512 -5.61513 -2.92859e-06
31955 5.65234 -0.684251 4.96809
32356 0.0802054 -5.04834 -4.96813
32757 4.77428 -4.77427 1.52961e-06
33258 5.04928 -0.164414 4.88486
33359 0.265653 -0.257723 0.00793019
33760 0.260232 -0.253268 0.00696371
33961 2.29965 -2.29817 0.00148217
34162 4.84538 -4.84538 -9.2979e-08
34363 0.255188 -0.278707 -0.0235185
34464 0.515487 -0.00837887 0.507108
34865 0.00837912 -0.515487 -0.507108
34966 0.204458 -0.296271 -0.0918136
35167 0.0158954 -4.80164 -4.78575
35468 4.80268 -4.80268 8.26033e-07
35769 5.24183 -0.337952 4.90388
37070 0.100621 -5.00449 -4.90387
37471 5.04952 -0.0811312 4.96839
38972 2.27237 -2.25285 0.0195192
39273 0.196172 -0.341004 -0.144832
39474 0.0996694 -4.94275 -4.84308
39975 4.77427 -4.77427 -1.04983e-06
42776 4.99148 -0.138862 4.85262
42977 0.138862 -4.99148 -4.85262
43078 5.13539 -0.0170971 5.11829
43879 0.357953 -0.570599 -0.212645
43980 2.25878 -2.26085 -0.00206798
44381 0.106119 -5.00971 -4.90359
44682 0.555221 -0.0391234 0.516097
45283 0.0391225 -0.555235 -0.516113
45884 0.555222 -0.0391227 0.516099
46185 0.0391235 -0.55522 -0.516097
46386 0.555228 -0.0391235 0.516105
46887 0.540801 -0.540804 -2.74384e-06
47488 0.540804 -0.540799 5.56276e-06
47689 0.039122 -0.555225 -0.516103
47790 1.05692 -0.540802 0.516117
48091 0.0391236 -0.555223 -0.5161
48192 5.12787 -0.00409364 5.12378
48293 0.00949848 -5.13329 -5.12379
48694 5.18721 -0.263033 4.92417
48795 0.209631 -5.13381 -4.92417
48896 5.04746 -0.00168027 5.04578
49197 0.00141562 -5.0472 -5.04578
