0 0.555223 -0.0391211 0.516102
101 0.0391237 -0.555235 -0.516111
302 0.555225 -0.0391219 0.516103
403 0.0391235 -0.555228 -0.516105
504 0.555219 -0.039123 0.516096
905 0.0391223 -0.555236 -0.516113
1706 0.555226 -0.0391224 0.516104
1807 0.0391204 -0.555218 -0.516098
2008 0.555229 -0.0391237 0.516105
2909 0.540805 -0.540801 3.88224e-06
3010 0.0391224 -0.555221 -0.516099
3211 0.555226 -0.0391217 0.516104
3312 0.540805 -0.540803 1.33276e-06
3513 0.0391234 -0.555223 -0.516099
3714 0.555218 -0.0391209 0.516097
3815 0.0391236 -0.555221 -0.516098
4316 0.555226 -0.0391214 0.516104
4417 0.0391234 -0.555228 -0.516105
4518 2.31671 -2.31671 8.11736e-07
4619 0.555224 -0.0391226 0.516101
4720 0.0391249 -0.555222 -0.516098
4921 0.555227 -0.039122 0.516105
5122 0.0391238 -0.555227 -0.516103
5223 0.555223 -0.0391254 0.516097
5324 0.039124 -0.555236 -0.516112
5525 0.555234 -0.0391216 0.516112
5626 0.0391246 -0.555222 -0.516097
5827 0.555217 -0.0391219 0.516095
5928 0.0391214 -0.555222 -0.5161
6229 0.555225 -0.0391253 0.5161
6430 0.0391238 -0.555227 -0.516103
6531 0.555224 -0.0391236 0.5161
6732 0.0391217 -0.555218 -0.516097
7033 0.555227 -0.0391232 0.516104
7134 0.0391239 -0.555229 -0.516105
7235 0.555228 -0.0391242 0.516104
7436 0.0391211 -0.555225 -0.516104
7637 0.555227 -0.0391217 0.516105
8038 0.0391229 -0.555229 -0.516106
8339 2.31671 -2.31671 -1.11746e-07
8440 0.555228 -0.0391222 0.516106
8541 0.540803 -1.05691 -0.516104
8642 0.555228 -0.0391234 0.516104
8743 0.0391232 -0.55522 -0.516097
8944 0.555226 -0.0391216 0.516105
9045 0.0391239 -0.555235 -0.516111
9946 0.555226 -0.0391225 0.516104
10147 0.0391232 -0.555222 -0.516099
10348 2.31671 -2.31671 -1.39757e-06
10449 0.555229 -0.0391237 0.516106
10550 0.0391227 -0.555236 -0.516113
10651 0.55522 -0.0391222 0.516098
10852 0.0391234 -0.555236 -0.516112
10953 0.555223 -0.0391222 0.5161
11054 0.0391225 -0.555234 -0.516111
11155 0.555229 -0.0391232 0.516106
11256 0.0391214 -0.555221 -0.5161
11457 0.555229 -0.0391252 0.516104
11658 0.0391252 -0.555222 -0.516097
11759 5.41548 -5.41546 1.64353e-05
12060 0.555221 -0.0391236 0.516097
12261 0.0391221 -0.555224 -0.516102
12362 0.555235 -0.0391228 0.516112
12463 0.039123 -0.555222 -0.516099
12664 0.555227 -0.0391231 0.516104
12765 0.0391221 -0.555226 -0.516104
13266 0.555221 -0.0391242 0.516097
13467 0.0391234 -0.555229 -0.516105
13568 0.555228 -0.039123 0.516105
13869 0.0391238 -0.555218 -0.516095
13970 2.31671 -2.31671 1.93988e-06
14171 0.55522 -0.0391234 0.516097
14272 0.039121 -0.555226 -0.516105
14473 0.555221 -0.039123 0.516098
14574 0.0391226 -0.555232 -0.516109
14675 0.55522 -0.0391218 0.516098
14876 0.540804 -0.540804 1.46103e-07
14977 0.0391249 -0.555223 -0.516098
15978 0.555224 -0.0391215 0.516103
16079 0.0391232 -0.555227 -0.516104
16180 0.555226 -0.0391219 0.516105
16281 0.540805 -0.540809 -4.5066e-06
16382 0.0391243 -0.555219 -0.516095
16483 0.555218 -0.0391216 0.516096
16584 0.039124 -0.555222 -0.516098
16885 0.555227 -0.0391205 0.516107
16986 0.039122 -0.555225 -0.516103
17487 1.05691 -0.5408 0.516108
17788 0.0391223 -0.555228 -0.516106
18089 5.24624 -5.24625 -3.74725e-06
18390 0.555219 -0.0391223 0.516097
18491 0.0391245 -0.555221 -0.516096
19192 0.555225 -0.0391217 0.516103
19493 0.039127 -0.555225 -0.516098
19594 0.555232 -0.0391233 0.516108
19895 0.0391257 -0.555223 -0.516097
19996 0.555229 -0.039124 0.516105
20297 0.0391228 -0.555229 -0.516106
20698 0.555219 -0.0391224 0.516097
20999 0.0391211 -0.555224 -0.516103
21100 0.55523 -0.0391239 0.516106
21201 0.0391237 -0.55523 -0.516106
21802 0.555227 -0.0391222 0.516105
21903 0.0391248 -0.555222 -0.516097
22104 0.555233 -0.0391216 0.516112
22305 0.0391247 -0.555228 -0.516104
22406 0.555234 -0.0391209 0.516114
22607 0.0391218 -0.555227 -0.516106
22708 0.555223 -0.0391227 0.5161
22809 0.0391235 -0.555228 -0.516104
22910 0.555227 -0.0391221 0.516105
23011 0.0391223 -0.55522 -0.516098
23212 0.555235 -0.0391229 0.516113
23313 0.0391267 -0.55523 -0.516103
23414 0.555228 -0.0391224 0.516105
23515 0.0391217 -0.555227 -0.516106
23716 2.31671 -2.31671 4.76671e-06
23817 0.55523 -0.0391247 0.516105
24018 0.0391228 -0.555227 -0.516104
24919 0.555221 -0.0391236 0.516097
25020 0.540804 -0.540801 3.40358e-06
25121 0.0391218 -0.555221 -0.516099
25422 0.555222 -0.0391246 0.516098
25523 0.0391233 -0.555228 -0.516104
25624 0.555221 -0.039123 0.516098
25725 0.0391237 -0.555228 -0.516105
26426 0.555221 -0.0391231 0.516098
26527 0.0391218 -0.555234 -0.516112
26928 0.555217 -0.0391227 0.516094
27029 0.039123 -0.555229 -0.516106
27230 0.555226 -0.0391229 0.516103
27431 0.0391218 -0.555218 -0.516096
27632 0.555234 -0.0391226 0.516111
27933 0.0391218 -0.555221 -0.516099
28334 0.555229 -0.0391238 0.516105
28635 0.0391263 -0.555222 -0.516096
28736 0.555227 -0.0391226 0.516104
28837 0.0391229 -0.55522 -0.516097
29038 2.31671 -2.3167 2.57254e-06
29139 0.55522 -0.0391238 0.516096
29240 0.0391246 -0.555237 -0.516112
30041 0.555227 -0.0391225 0.516104
30242 0.0391233 -0.555226 -0.516103
30443 0.555222 -0.0391241 0.516098
30544 0.0391232 -0.555225 -0.516102
30745 0.55522 -0.0391225 0.516098
30846 0.0391232 -0.555226 -0.516103
31147 0.555226 -0.0391222 0.516104
31648 0.0391243 -0.555236 -0.516112
32049 0.55522 -0.0391222 0.516098
32350 0.0391223 -0.555221 -0.516099
32451 0.555227 -0.0391214 0.516105
32652 0.039124 -0.555217 -0.516093
32953 0.555228 -0.039122 0.516106
33054 0.540805 -0.540802 2.20605e-06
33155 0.0391228 -0.555227 -0.516104
33356 0.555227 -0.0391225 0.516104
33457 0.0391235 -0.555225 -0.516102
33658 0.555218 -0.0391203 0.516098
33859 0.0391235 -0.555228 -0.516105
33960 0.555219 -0.0391234 0.516096
34061 0.0391224 -0.555228 -0.516105
35262 0.555236 -0.0391239 0.516112
35363 0.0391223 -0.555227 -0.516105
35664 0.555228 -0.0391222 0.516106
35765 0.0391233 -0.55522 -0.516096
35966 0.555222 -0.039124 0.516098
36067 0.0391228 -0.555225 -0.516103
36168 0.555228 -0.0391245 0.516103
36469 0.0391229 -0.555235 -0.516113
36670 0.555222 -0.0391218 0.5161
36771 0.0391223 -0.555217 -0.516095
37172 0.555228 -0.0391231 0.516105
37373 0.0391218 -0.555226 -0.516105
37674 0.555229 -0.0391239 0.516105
38375 0.0391222 -0.555221 -0.516099
38776 4.99282 -0.152532 4.84028
38877 0.152533 -4.99282 -4.84028
39278 0.55522 -0.039123 0.516097
39479 0.0391234 -0.555227 -0.516104
39580 0.555219 -0.0391227 0.516096
39681 0.0391239 -0.55523 -0.516106
39782 0.555227 -0.0391223 0.516105
39983 0.0391249 -0.555238 -0.516113
40984 0.55522 -0.039124 0.516096
41085 0.0391244 -0.555232 -0.516107
41186 0.555226 -0.0391223 0.516104
41387 0.0391239 -0.555222 -0.516098
41488 0.555228 -0.0391242 0.516103
41589 0.0391239 -0.555229 -0.516105
41790 0.555229 -0.0391252 0.516104
41891 0.0391228 -0.555236 -0.516113
42092 0.555228 -0.0391234 0.516105
42293 0.0391226 -0.555235 -0.516112
42394 0.555219 -0.0391225 0.516097
42495 0.540804 -0.540801 3.48555e-06
42696 0.0391226 -0.555235 -0.516112
42897 1.05691 -0.540805 0.516104
42998 0.0391244 -0.555229 -0.516104
43099 0.555227 -0.0391248 0.516102
43300 0.0391231 -0.55523 -0.516107
43401 0.555223 -0.0391228 0.5161
43802 0.0391232 -0.55522 -0.516097
44103 0.55523 -0.0391239 0.516106
44204 0.0391232 -0.555221 -0.516098
44505 0.555228 -0.0391217 0.516106
44606 0.039121 -0.555226 -0.516105
44707 2.31671 -2.31671 -1.46676e-06
44808 0.555227 -0.0391232 0.516103
44909 0.0391227 -0.555226 -0.516103
45010 0.555226 -0.0391225 0.516104
45111 0.0391242 -0.555224 -0.5161
45612 0.555228 -0.0391224 0.516105
45813 0.0391215 -0.555226 -0.516104
45914 0.555228 -0.039123 0.516105
46015 0.540806 -0.540803 2.44066e-06
46116 0.0391235 -0.55523 -0.516107
46217 0.55522 -0.0391221 0.516098
46318 0.0391233 -0.555221 -0.516097
46919 0.555221 -0.0391238 0.516097
47020 0.0391251 -0.555222 -0.516097
47121 0.555225 -0.0391255 0.516099
47222 0.039124 -0.55522 -0.516096
47323 0.555218 -0.0391222 0.516096
47424 0.0391247 -0.555225 -0.5161
47525 0.55522 -0.0391231 0.516097
47626 0.0391228 -0.555227 -0.516104
47727 0.555219 -0.0391223 0.516097
47928 0.039122 -0.555219 -0.516097
48129 0.55522 -0.0391227 0.516097
48230 0.0391231 -0.55522 -0.516097
48431 0.55522 -0.0391235 0.516097
48532 0.0391242 -0.555228 -0.516104
48733 0.555236 -0.0391246 0.516111
48834 0.039122 -0.555227 -0.516105
49535 0.555228 -0.0391219 0.516106
49636 0.0391229 -0.555235 -0.516112
49737 0.555217 -0.0391217 0.516095
49838 0.0391224 -0.555222 -0.5161
