46 0.533403 -0.0322262 0.501177
207 0.533403 -0.0322262 0.501177
384 2.25864 -2.25864 -2.51839e-09
529 0.0322262 -0.533403 -0.501177
715 5.23106 -0.176244 5.05481
886 0.306809 -0.171377 0.135432
1097 0.107687 -4.92158 -4.81389
1412 0.029225 -0.5196 -0.490375
1713 0.248489 -0.252795 -0.0043061
1887 0.257022 -0.247502 0.00951991
2078 0.247631 -0.25549 -0.00785919
2302 0.00102773 -0.304337 -0.303309
2483 0.617755 -0.465578 0.152178
2660 0.242185 -0.263851 -0.0216666
2844 0.54877 -0.0213589 0.527411
3019 0.252678 -0.242688 0.00998952
3188 0.0221789 -0.550049 -0.52787
3716 0.510333 -0.0497775 0.460556
4035 0.460065 -0.602895 -0.14283
4360 0.5034 -0.333488 0.169912
4531 0.239186 -0.243383 -0.00419701
5212 0.533403 -0.0322262 0.501177
5383 1.08979 -0.965902 0.123886
5693 0.464952 -0.607996 -0.143044
5915 5.09447 -0.22648 4.86798
6127 0.315743 -0.25651 0.0592327
6318 0.0948245 -4.78204 -4.68721
6501 0.24819 -0.24491 0.00328026
6667 0.246993 -5.16228 -4.91529
6819 0.533403 -0.533403 2.30998e-08
6978 0.533403 -0.0322262 0.501177
7129 0.0322262 -0.533403 -0.501177
7276 0.533403 -0.0322262 0.501177
7429 0.0322262 -0.533403 -0.501177
7589 1.00815 -1.00815 6.18634e-08
8123 1.00815 -1.00815 6.66923e-08
8317 4.98279 -0.10398 4.87881
8487 0.358743 -0.0142341 0.344509
8631 0.533403 -0.0322262 0.501177
8778 0.0322262 -0.533403 -0.501177
8958 5.58223 -0.652305 4.92993
9148 0.000211302 -0.321417 -0.321206
9346 0.252758 -0.271057 -0.018299
9551 0.329529 -0.246633 0.0828961
9716 0.259759 -0.271783 -0.0120245
9889 0.521852 -0.0372344 0.484618
10088 0.251556 -0.256194 -0.00463827
10294 0.311849 -0.00133334 0.310515
10780 0.357953 -0.300945 0.0570071
11083 0.532538 -0.0324375 0.5001
11254 0.255953 -0.250436 0.00551724
11450 0.287922 -0.00727234 0.28065
11617 0.258135 -0.25793 0.000204555
11794 0.0320303 -0.533622 -0.501592
12230 0.533622 -0.0320303 0.501592
12413 0.0322554 -0.533678 -0.501423
12592 0.258426 -0.258187 0.000238954
12791 0.268831 -0.256346 0.0124847
12961 0.256346 -0.268831 -0.0124847
13136 0.258187 -0.258426 -0.000238937
13615 0.280239 -0.237506 0.0427325
13820 4.67322 -4.67322 4.44606e-09
13996 0.245809 -0.260159 -0.01435
14174 0.510136 -0.0490159 0.46112
14361 0.0703472 -0.495954 -0.425606
14528 0.274269 -0.275835 -0.0015665
14701 0.0270917 -0.516292 -0.489201
14879 0.53105 -0.0330513 0.497999
15056 0.0322262 -0.533403 -0.501177
15237 0.509067 -0.507643 0.00142371
15415 0.0338753 -0.528682 -0.494806
15604 0.24505 -0.257394 -0.0123441
15767 0.132926 -5.02556 -4.89263
16171 4.91006 -0.0147717 4.89529
16335 0.0147718 -4.91006 -4.89529
16511 2.25864 -2.25864 -1.71667e-09
16665 0.533403 -0.0322262 0.501177
16949 5.11841 -0.0152041 5.1032
17231 0.0322262 -0.533403 -0.501177
17404 0.015295 -5.1185 -5.1032
17550 0.533403 -0.0322262 0.501177
17713 1.00815 -1.00815 5.96856e-09
17868 0.0322262 -0.533403 -0.501177
18042 4.97357 -0.10319 4.87038
18220 0.271163 -0.241566 0.0295968
18383 0.256439 -0.240274 0.0161651
18569 0.454962 -0.0117795 0.443182
18739 0.563592 -0.0352199 0.528372
18905 0.0317161 -0.55119 -0.519474
19237 0.488772 -0.0559321 0.432839
19411 0.0162497 -0.523865 -0.507616
19586 0.474755 -0.0152844 0.459471
19758 0.236465 -0.200055 0.0364101
20062 0.547214 -0.462941 0.0842724
20241 0.536939 -0.0278513 0.509088
20459 0.615413 -6.04583 -5.43042
20656 1.00815 -1.00815 -2.9886e-09
20892 0.000778351 -5.05083 -5.05005
21192 2.25864 -2.25864 6.78938e-10
21611 1.00815 -1.00815 -3.47063e-09
21759 0.533403 -0.0322262 0.501177
21908 0.0322262 -0.533403 -0.501177
22072 0.0322262 -0.533403 -0.501177
22230 0.533403 -0.0322262 0.501177
22383 0.533403 -0.0322262 0.501177
22543 0.0322262 -0.533403 -0.501177
22720 2.25864 -2.25864 -1.45142e-08
22880 1.00815 -1.00815 6.14555e-08
23029 0.0322262 -0.533403 -0.501177
23178 0.533403 -0.533403 -9.7416e-09
23329 0.0322262 -0.533403 -0.501177
23603 0.533403 -0.0322262 0.501177
