43 0.533403 -0.0322262 0.501177
187 0.0322262 -0.533403 -0.501177
455 0.533403 -0.0322262 0.501177
599 0.0322262 -0.533403 -0.501177
765 2.25864 -2.25864 2.85218e-09
908 0.533403 -0.0322262 0.501177
1053 0.533403 -0.0322262 0.501177
1218 1.00815 -1.00815 0.0000000000
1363 0.0322262 -0.533403 -0.501177
1888 0.0322262 -0.533403 -0.501177
2039 0.533403 -0.0322262 0.501177
2185 0.0322262 -0.533403 -0.501177
2592 2.25864 -2.25864 -2.42671e-08
2853 0.533403 -0.0322262 0.501177
2998 0.0322262 -0.533403 -0.501177
3148 0.533403 -0.0322262 0.501177
3306 0.0322262 -0.533403 -0.501177
3570 0.533403 -0.0322262 0.501177
3721 0.0322262 -0.533403 -0.501177
3881 0.533403 -0.0322262 0.501177
4026 0.0322262 -0.533403 -0.501177
4454 4.9586 -0.0812513 4.87735
4617 0.0812513 -4.9586 -4.87735
4778 0.0322262 -0.533403 -0.501177
5055 0.0322262 -0.533403 -0.501177
5203 0.533403 -0.0322262 0.501177
5350 0.0322262 -0.533403 -0.501177
5501 0.0322262 -0.533403 -0.501177
5651 0.533403 -0.0322262 0.501177
5795 0.0322262 -0.533403 -0.501177
5947 0.533403 -0.0322262 0.501177
6090 0.0322262 -0.533403 -0.501177
6234 0.533403 -0.0322262 0.501177
6387 0.533403 -0.0322262 0.501177
6531 0.533403 -0.0322262 0.501177
6966 1.00815 -1.00815 -2.28874e-09
7114 0.533403 -0.0322262 0.501177
7256 0.0322262 -0.533403 -0.501177
7403 0.533403 -0.0322262 0.501177
7554 0.533403 -0.0322262 0.501177
7695 0.0322262 -0.533403 -0.501177
8080 0.533403 -0.0322262 0.501177
8224 0.0322262 -0.533403 -0.501177
8565 4.70018 -0.0325056 4.66768
8736 0.225203 -0.225802 -0.000598249
9516 0.0464642 -4.6347 -4.58824
10305 0.483456 -0.054376 0.42908
10514 0.158474 -5.25463 -5.09616
10686 2.25864 -2.25864 -2.01908e-09
10830 0.533403 -0.0322262 0.501177
10974 0.0322262 -0.533403 -0.501177
11354 0.533403 -0.0322262 0.501177
11505 0.0322262 -0.533403 -0.501177
11650 0.533403 -0.0322262 0.501177
11794 0.0322262 -0.533403 -0.501177
11939 0.533403 -0.0322262 0.501177
12205 0.0322262 -0.533403 -0.501177
