44 0.533403 -0.0322262 0.501177
313 0.0322262 -0.533403 -0.501177
491 1.00815 -1.00815 3.7242e-08
764 0.533403 -0.0322262 0.501177
913 0.0322262 -0.533403 -0.501177
1061 0.533403 -0.0322262 0.501177
1211 0.0322262 -0.533403 -0.501177
1356 0.533403 -0.0322262 0.501177
1803 0.0322262 -0.533403 -0.501177
1971 2.25864 -2.25864 5.17502e-10
2239 0.533403 -0.0322262 0.501177
2384 0.0322262 -0.533403 -0.501177
2534 0.533403 -0.0322262 0.501177
2681 0.0322262 -0.533403 -0.501177
2843 2.25864 -2.25864 -1.30385e-08
2994 0.533403 -0.0322262 0.501177
3142 0.0322262 -0.533403 -0.501177
3287 0.533403 -0.0322262 0.501177
3599 0.0322262 -0.533403 -0.501177
3744 0.533403 -0.0322262 0.501177
3892 0.0322262 -0.533403 -0.501177
4058 2.25864 -2.25864 2.36469e-09
4327 0.533403 -0.0322262 0.501177
4911 0.0322262 -0.533403 -0.501177
5080 2.25864 -2.25864 -1.39426e-09
5338 0.533403 -0.0322262 0.501177
5485 0.0322262 -0.533403 -0.501177
5870 0.533403 -0.0322262 0.501177
6286 0.0322262 -0.533403 -0.501177
6431 0.533403 -0.0322262 0.501177
6729 0.0322262 -0.533403 -0.501177
6986 0.533403 -0.0322262 0.501177
7128 0.0322262 -0.533403 -0.501177
7813 0.533403 -0.0322262 0.501177
7957 0.0322262 -0.533403 -0.501177
8730 2.25864 -2.25864 2.0018e-09
9071 2.25864 -2.25864 2.02817e-09
9335 0.533403 -0.0322262 0.501177
9484 0.0322262 -0.533403 -0.501177
9632 0.533403 -0.0322262 0.501177
9777 0.0322262 -0.533403 -0.501177
9933 2.25864 -2.25864 -1.25783e-09
10080 0.533403 -0.0322262 0.501177
10223 0.0322262 -0.533403 -0.501177
10368 0.533403 -0.0322262 0.501177
10660 0.0322262 -0.533403 -0.501177
10919 0.533403 -0.0322262 0.501177
11064 0.0322262 -0.533403 -0.501177
11208 0.533403 -0.0322262 0.501177
11477 0.0322262 -0.533403 -0.501177
11624 0.533403 -0.0322262 0.501177
11773 0.0322262 -0.533403 -0.501177
12187 2.25864 -2.25864 -3.05772e-09
12957 0.533403 -0.0322262 0.501177
13101 0.0322262 -0.533403 -0.501177
13304 4.72982 -0.141576 4.58824
13650 0.466359 -0.0100952 0.456264
14008 0.0187334 -4.56206 -4.54333
14308 0.0322262 -0.533403 -0.501177
14452 0.533403 -0.0322262 0.501177
14596 0.0322262 -0.533403 -0.501177
14771 2.25864 -2.25864 2.27192e-09
14916 0.533403 -0.0322262 0.501177
15073 0.0322262 -0.533403 -0.501177
15335 0.533403 -0.0322262 0.501177
15477 0.0322262 -0.533403 -0.501177
15950 1.00815 -1.00815 1.98461e-08
16100 0.533403 -0.0322262 0.501177
16451 0.0322262 -0.533403 -0.501177
16622 2.25864 -2.25864 -2.38151e-09
16767 0.533403 -0.0322262 0.501177
16917 0.0322262 -0.533403 -0.501177
17408 0.533403 -0.0322262 0.501177
17556 0.0322262 -0.533403 -0.501177
17700 0.533403 -0.0322262 0.501177
18011 0.0322262 -0.533403 -0.501177
18568 0.533403 -0.0322262 0.501177
18711 0.0322262 -0.533403 -0.501177
18876 2.25864 -2.25864 -1.17689e-09
19139 0.533403 -0.0322262 0.501177
19678 0.0322262 -0.533403 -0.501177
19956 0.533403 -0.0322262 0.501177
20451 0.0322262 -0.533403 -0.501177
20600 0.533403 -0.0322262 0.501177
20754 0.0322262 -0.533403 -0.501177
21035 0.533403 -0.0322262 0.501177
21191 0.0322262 -0.533403 -0.501177
21455 0.533403 -0.0322262 0.501177
21600 0.0322262 -0.533403 -0.501177
21749 0.533403 -0.0322262 0.501177
22054 0.0322262 -0.533403 -0.501177
22318 0.533403 -0.0322262 0.501177
22464 0.0322262 -0.533403 -0.501177
23291 2.25864 -2.25864 1.81049e-08
23436 0.533403 -0.0322262 0.501177
23590 0.0322262 -0.533403 -0.501177
24173 2.25864 -2.25864 -2.7635e-09
24317 0.533403 -0.0322262 0.501177
24464 0.0322262 -0.533403 -0.501177
24608 0.533403 -0.0322262 0.501177
24754 0.0322262 -0.533403 -0.501177
24903 0.533403 -0.0322262 0.501177
25048 0.0322262 -0.533403 -0.501177
25198 0.533403 -0.0322262 0.501177
25468 0.0322262 -0.533403 -0.501177
25613 0.533403 -0.0322262 0.501177
25873 0.0322262 -0.533403 -0.501177
26043 2.25864 -2.25864 1.70298e-08
26806 0.533403 -0.0322262 0.501177
26951 0.0322262 -0.533403 -0.501177
27094 0.533403 -0.0322262 0.501177
27383 0.0322262 -0.533403 -0.501177
27526 0.533403 -0.0322262 0.501177
27675 0.0322262 -0.533403 -0.501177
27834 1.00815 -1.00815 1.539e-08
28224 0.533403 -0.0322262 0.501177
28371 0.0322262 -0.533403 -0.501177
28763 0.533403 -0.0322262 0.501177
28909 0.0322262 -0.533403 -0.501177
29430 0.533403 -0.0322262 0.501177
29571 0.0322262 -0.533403 -0.501177
29716 0.533403 -0.0322262 0.501177
30127 0.0322262 -0.533403 -0.501177
30271 0.533403 -0.0322262 0.501177
30415 0.0322262 -0.533403 -0.501177
30679 0.533403 -0.0322262 0.501177
30822 0.0322262 -0.533403 -0.501177
30971 0.533403 -0.0322262 0.501177
31120 0.0322262 -0.533403 -0.501177
31266 0.533403 -0.0322262 0.501177
31568 0.0322262 -0.533403 -0.501177
31717 0.533403 -0.0322262 0.501177
31862 0.0322262 -0.533403 -0.501177
32008 0.533403 -0.0322262 0.501177
32153 0.0322262 -0.533403 -0.501177
32427 0.533403 -0.0322262 0.501177
32570 0.0322262 -0.533403 -0.501177
32877 0.533403 -0.0322262 0.501177
33172 0.0322262 -0.533403 -0.501177
33624 0.533403 -0.0322262 0.501177
33918 0.0322262 -0.533403 -0.501177
34071 0.533403 -0.0322262 0.501177
34216 0.0322262 -0.533403 -0.501177
34473 0.533403 -0.0322262 0.501177
34619 0.0322262 -0.533403 -0.501177
34896 0.533403 -0.0322262 0.501177
35041 0.0322262 -0.533403 -0.501177
35302 0.533403 -0.0322262 0.501177
35450 0.0322262 -0.533403 -0.501177
35595 0.533403 -0.0322262 0.501177
35740 0.0322262 -0.533403 -0.501177
35886 0.533403 -0.0322262 0.501177
36186 0.0322262 -0.533403 -0.501177
36330 0.533403 -0.0322262 0.501177
36479 0.0322262 -0.533403 -0.501177
36623 0.533403 -0.0322262 0.501177
36766 0.0322262 -0.533403 -0.501177
36938 2.25864 -2.25864 1.06775e-09
37199 0.533403 -0.533403 8.1327e-09
37385 2.25864 -2.25864 3.93584e-09
37534 0.533403 -0.0322262 0.501177
37826 0.0322262 -0.533403 -0.501177
38087 0.533403 -0.0322262 0.501177
38232 0.0322262 -0.533403 -0.501177
38508 0.533403 -0.0322262 0.501177
38652 0.0322262 -0.533403 -0.501177
38799 0.533403 -0.0322262 0.501177
38943 0.0322262 -0.533403 -0.501177
39214 0.533403 -0.0322262 0.501177
39520 0.0322262 -0.533403 -0.501177
39781 0.533403 -0.0322262 0.501177
39926 0.0322262 -0.533403 -0.501177
40223 1.00815 -1.00815 6.04819e-08
41528 1.00815 -1.00815 3.85376e-08
41671 0.533403 -0.0322262 0.501177
41816 0.0322262 -0.533403 -0.501177
41959 0.533403 -0.0322262 0.501177
42281 0.0322262 -0.533403 -0.501177
42427 0.533403 -0.0322262 0.501177
42885 0.0322262 -0.533403 -0.501177
43029 0.533403 -0.0322262 0.501177
43179 0.0322262 -0.533403 -0.501177
43341 1.00815 -1.00815 -3.19396e-08
43528 5.18424 -0.222428 4.96181
43816 0.200558 -5.16237 -4.96181
43992 2.25864 -2.25864 -1.04365e-09
44136 0.533403 -0.0322262 0.501177
44290 0.0322262 -0.533403 -0.501177
44436 0.533403 -0.0322262 0.501177
44587 0.0322262 -0.533403 -0.501177
44852 0.533403 -0.0322262 0.501177
44998 0.0322262 -0.533403 -0.501177
45146 0.533403 -0.0322262 0.501177
45293 0.0322262 -0.533403 -0.501177
45552 0.533403 -0.0322262 0.501177
45698 0.0322262 -0.533403 -0.501177
45953 0.533403 -0.0322262 0.501177
46104 0.0322262 -0.533403 -0.501177
46497 2.25864 -2.25864 6.79847e-10
46664 2.25864 -2.25864 -7.99537e-09
46810 0.533403 -0.0322262 0.501177
46972 0.0322262 -0.533403 -0.501177
47240 0.533403 -0.0322262 0.501177
47387 0.0322262 -0.533403 -0.501177
47903 0.533403 -0.0322262 0.501177
48053 0.0322262 -0.533403 -0.501177
48479 2.25864 -2.25864 1.47697e-08
48628 0.533403 -0.0322262 0.501177
48925 0.0322262 -0.533403 -0.501177
49077 0.533403 -0.0322262 0.501177
49222 0.0322262 -0.533403 -0.501177
49437 4.96159 -4.96159 1.28966e-08
49702 0.533403 -0.0322262 0.501177
49846 0.0322262 -0.533403 -0.501177
49988 0.533403 -0.0322262 0.501177
50136 0.0322262 -0.533403 -0.501177
50282 0.533403 -0.0322262 0.501177
50437 0.0322262 -0.533403 -0.501177
50737 0.533403 -0.0322262 0.501177
50881 0.0322262 -0.533403 -0.501177
51334 1.00815 -1.00815 -1.51326e-08
51602 0.533403 -0.0322262 0.501177
51751 0.0322262 -0.533403 -0.501177
51900 0.533403 -0.0322262 0.501177
52044 0.0322262 -0.533403 -0.501177
52425 0.533403 -0.0322262 0.501177
52724 0.0322262 -0.533403 -0.501177
53054 4.72977 -0.0940306 4.63574
53223 0.0940306 -4.72977 -4.63574
53369 0.533403 -0.0322262 0.501177
53926 0.0322262 -0.533403 -0.501177
54075 0.533403 -0.0322262 0.501177
54222 0.0322262 -0.533403 -0.501177
54377 0.533403 -0.0322262 0.501177
54521 0.0322262 -0.533403 -0.501177
55073 1.00815 -1.00815 -1.54887e-08
55878 0.533403 -0.0322262 0.501177
56288 0.0322262 -0.533403 -0.501177
56556 0.533403 -0.0322262 0.501177
56701 0.0322262 -0.533403 -0.501177
57078 0.533403 -0.0322262 0.501177
57354 0.0322262 -0.533403 -0.501177
57873 0.533403 -0.0322262 0.501177
58147 0.0322262 -0.533403 -0.501177
58290 0.533403 -0.0322262 0.501177
58589 0.0322262 -0.533403 -0.501177
58991 0.533403 -0.0322262 0.501177
59268 0.0322262 -0.533403 -0.501177
59529 0.533403 -0.0322262 0.501177
59790 0.0322262 -0.533403 -0.501177
60286 0.533403 -0.0322262 0.501177
60430 0.0322262 -0.533403 -0.501177
60574 0.533403 -0.0322262 0.501177
60727 0.0322262 -0.533403 -0.501177
60983 0.533403 -0.0322262 0.501177
61126 0.0322262 -0.533403 -0.501177
61273 0.533403 -0.0322262 0.501177
61421 0.0322262 -0.533403 -0.501177
61894 1.00815 -1.00815 -6.0807e-08
62038 0.533403 -0.0322262 0.501177
62184 0.0322262 -0.533403 -0.501177
62329 0.533403 -0.0322262 0.501177
62627 0.0322262 -0.533403 -0.501177
63821 0.533403 -0.0322262 0.501177
63965 0.0322262 -0.533403 -0.501177
64482 0.533403 -0.0322262 0.501177
64626 0.0322262 -0.533403 -0.501177
64770 0.533403 -0.0322262 0.501177
64913 0.0322262 -0.533403 -0.501177
65180 0.533403 -0.0322262 0.501177
65324 0.0322262 -0.533403 -0.501177
66344 4.78721 -4.78721 -4.27281e-09
66492 0.533403 -0.0322262 0.501177
66636 0.0322262 -0.533403 -0.501177
66787 0.533403 -0.0322262 0.501177
67079 0.0322262 -0.533403 -0.501177
67475 0.533403 -0.0322262 0.501177
67625 0.0322262 -0.533403 -0.501177
68313 0.533403 -0.0322262 0.501177
68464 0.0322262 -0.533403 -0.501177
68723 0.533403 -0.0322262 0.501177
69039 0.0322262 -0.533403 -0.501177
69455 0.533403 -0.0322262 0.501177
69602 0.0322262 -0.533403 -0.501177
69747 0.533403 -0.0322262 0.501177
69892 0.0322262 -0.533403 -0.501177
70036 0.533403 -0.0322262 0.501177
70312 0.0322262 -0.533403 -0.501177
70631 0.533403 -0.0322262 0.501177
70781 0.0322262 -0.533403 -0.501177
71097 5.16295 -0.247019 4.91593
71262 0.207578 -5.12351 -4.91593
71406 0.533403 -0.0322262 0.501177
71705 0.0322262 -0.533403 -0.501177
71969 0.533403 -0.0322262 0.501177
72113 0.0322262 -0.533403 -0.501177
72370 0.533403 -0.0322262 0.501177
72524 0.0322262 -0.533403 -0.501177
72672 0.533403 -0.0322262 0.501177
72817 0.0322262 -0.533403 -0.501177
72973 1.00815 -1.00815 -2.91379e-08
73477 0.533403 -0.0322262 0.501177
73621 0.0322262 -0.533403 -0.501177
74656 0.533403 -0.0322262 0.501177
74802 0.0322262 -0.533403 -0.501177
74949 0.533403 -0.0322262 0.501177
75098 0.0322262 -0.533403 -0.501177
75253 0.533403 -0.0322262 0.501177
75398 0.0322262 -0.533403 -0.501177
75684 0.533403 -0.0322262 0.501177
75976 0.0322262 -0.533403 -0.501177
76121 0.533403 -0.0322262 0.501177
76447 0.0322262 -0.533403 -0.501177
76685 5.19924 -0.282487 4.91676
76896 0.151854 -5.06861 -4.91676
77043 0.533403 -0.0322262 0.501177
77190 0.0322262 -0.533403 -0.501177
77359 2.25864 -2.25864 -1.37607e-09
77503 0.533403 -0.0322262 0.501177
77648 0.0322262 -0.533403 -0.501177
77906 0.533403 -0.0322262 0.501177
78056 0.0322262 -0.533403 -0.501177
78201 0.533403 -0.0322262 0.501177
78355 0.0322262 -0.533403 -0.501177
78499 0.533403 -0.0322262 0.501177
78935 0.0322262 -0.533403 -0.501177
79726 0.533403 -0.0322262 0.501177
79873 0.0322262 -0.533403 -0.501177
80170 4.78168 -0.0191422 4.76254
80341 0.54377 -0.0215125 0.522257
80520 0.440879 -5.22449 -4.78362
80671 0.0322262 -0.533403 -0.501177
80818 0.533403 -0.533403 1.81517e-08
81085 0.533403 -0.0322262 0.501177
81231 0.0322262 -0.533403 -0.501177
81374 0.533403 -0.533403 9.94396e-09
81632 0.533403 -0.0322262 0.501177
81781 0.0322262 -0.533403 -0.501177
81948 2.25864 -2.25864 -3.02316e-09
82118 2.25864 -2.25864 -1.54637e-08
82267 0.533403 -0.0322262 0.501177
82411 0.0322262 -0.533403 -0.501177
82687 0.533403 -0.0322262 0.501177
82836 0.0322262 -0.533403 -0.501177
82981 0.533403 -0.0322262 0.501177
83126 0.0322262 -0.533403 -0.501177
83388 0.533403 -0.0322262 0.501177
83532 0.0322262 -0.533403 -0.501177
83683 0.533403 -0.533403 3.65708e-09
84071 0.533403 -0.0322262 0.501177
84216 0.0322262 -0.533403 -0.501177
84360 0.533403 -0.0322262 0.501177
84795 0.0322262 -0.533403 -0.501177
85597 0.533403 -0.0322262 0.501177
85744 0.0322262 -0.533403 -0.501177
86128 0.533403 -0.0322262 0.501177
86539 0.0322262 -0.533403 -0.501177
86683 0.533403 -0.0322262 0.501177
86979 0.0322262 -0.533403 -0.501177
87275 0.533403 -0.0322262 0.501177
87422 0.0322262 -0.533403 -0.501177
87571 0.533403 -0.0322262 0.501177
87715 0.0322262 -0.533403 -0.501177
88017 2.25864 -2.25864 1.36333e-09
88289 0.533403 -0.0322262 0.501177
88909 0.0322262 -0.533403 -0.501177
89072 2.25864 -2.25864 -1.83172e-09
89587 0.533403 -0.533403 1.83568e-08
89861 0.533403 -0.0322262 0.501177
90014 0.0322262 -0.533403 -0.501177
90410 0.533403 -0.0322262 0.501177
90554 0.0322262 -0.533403 -0.501177
90698 0.533403 -0.0322262 0.501177
90843 0.0322262 -0.533403 -0.501177
91107 0.533403 -0.0322262 0.501177
91415 0.0322262 -0.533403 -0.501177
91922 2.25864 -2.25864 -1.42836e-09
92330 0.533403 -0.0322262 0.501177
92487 0.0322262 -0.533403 -0.501177
92757 0.533403 -0.0322262 0.501177
92901 0.0322262 -0.533403 -0.501177
93044 0.533403 -0.0322262 0.501177
93194 0.0322262 -0.533403 -0.501177
93338 0.533403 -0.0322262 0.501177
93482 0.0322262 -0.533403 -0.501177
93858 0.533403 -0.0322262 0.501177
94002 0.0322262 -0.533403 -0.501177
94165 0.533403 -0.0322262 0.501177
94309 0.0322262 -0.533403 -0.501177
94456 0.533403 -0.0322262 0.501177
94601 0.0322262 -0.533403 -0.501177
94751 0.533403 -0.0322262 0.501177
95017 0.0322262 -0.533403 -0.501177
95165 0.533403 -0.0322262 0.501177
95309 0.0322262 -0.533403 -0.501177
95474 2.25864 -2.25864 1.20963e-10
95733 0.533403 -0.0322262 0.501177
95878 0.0322262 -0.533403 -0.501177
96023 0.533403 -0.0322262 0.501177
96167 0.0322262 -0.533403 -0.501177
96439 0.533403 -0.0322262 0.501177
96585 0.0322262 -0.533403 -0.501177
96851 0.533403 -0.0322262 0.501177
97132 0.0322262 -0.533403 -0.501177
97408 0.533403 -0.0322262 0.501177
97552 0.0322262 -0.533403 -0.501177
97823 0.533403 -0.0322262 0.501177
97971 0.0322262 -0.533403 -0.501177
98234 0.533403 -0.533403 1.05761e-08
98558 0.533403 -0.0322262 0.501177
98702 0.0322262 -0.533403 -0.501177
98847 0.533403 -0.0322262 0.501177
99298 0.0322262 -0.533403 -0.501177
99443 0.533403 -0.0322262 0.501177
99587 0.0322262 -0.533403 -0.501177
100092 0.533403 -0.0322262 0.501177
100503 0.0322262 -0.533403 -0.501177
100651 0.533403 -0.0322262 0.501177
101367 0.0322262 -0.533403 -0.501177
101650 1.00815 -1.00815 -2.62817e-08
101824 2.25864 -2.25864 -5.79166e-09
101975 0.533403 -0.0322262 0.501177
102274 0.0322262 -0.533403 -0.501177
102553 2.25864 -2.25864 1.85264e-09
102723 0.533403 -0.0322262 0.501177
102871 0.0322262 -0.533403 -0.501177
103054 4.95618 -0.138928 4.81725
103220 0.138928 -4.95618 -4.81725
103366 0.533403 -0.0322262 0.501177
103512 0.0322262 -0.533403 -0.501177
103658 0.533403 -0.0322262 0.501177
103964 0.0322262 -0.533403 -0.501177
104353 0.533403 -0.0322262 0.501177
104498 0.0322262 -0.533403 -0.501177
104777 0.533403 -0.0322262 0.501177
104927 0.0322262 -0.533403 -0.501177
105829 0.533403 -0.0322262 0.501177
105978 0.0322262 -0.533403 -0.501177
106123 0.533403 -0.0322262 0.501177
106269 0.0322262 -0.533403 -0.501177
106532 0.533403 -0.0322262 0.501177
106953 0.0322262 -0.533403 -0.501177
107096 0.533403 -0.0322262 0.501177
107255 0.0322262 -0.533403 -0.501177
107607 2.25864 -2.25864 1.57388e-09
107749 0.533403 -0.0322262 0.501177
107893 0.0322262 -0.533403 -0.501177
108038 0.533403 -0.0322262 0.501177
108189 0.0322262 -0.533403 -0.501177
108332 0.533403 -0.0322262 0.501177
108477 0.0322262 -0.533403 -0.501177
108623 0.533403 -0.0322262 0.501177
108775 0.0322262 -0.533403 -0.501177
108922 0.533403 -0.0322262 0.501177
109198 0.0322262 -0.533403 -0.501177
109598 0.533403 -0.0322262 0.501177
109746 0.0322262 -0.533403 -0.501177
110516 0.533403 -0.0322262 0.501177
110779 0.0322262 -0.533403 -0.501177
110922 0.533403 -0.0322262 0.501177
111225 0.0322262 -0.533403 -0.501177
111389 2.25864 -2.25864 1.67447e-08
111766 0.533403 -0.0322262 0.501177
112064 0.0322262 -0.533403 -0.501177
112329 0.533403 -0.0322262 0.501177
112477 0.0322262 -0.533403 -0.501177
112620 0.533403 -0.0322262 0.501177
112768 0.0322262 -0.533403 -0.501177
112913 0.533403 -0.0322262 0.501177
113178 0.0322262 -0.533403 -0.501177
113326 0.533403 -0.0322262 0.501177
113475 0.0322262 -0.533403 -0.501177
113623 0.533403 -0.0322262 0.501177
113768 0.0322262 -0.533403 -0.501177
113912 0.533403 -0.0322262 0.501177
114060 0.0322262 -0.533403 -0.501177
114227 1.00815 -1.00815 1.27911e-08
114377 0.533403 -0.0322262 0.501177
114523 0.0322262 -0.533403 -0.501177
114667 0.533403 -0.0322262 0.501177
115244 0.0322262 -0.533403 -0.501177
115512 0.533403 -0.0322262 0.501177
115660 0.0322262 -0.533403 -0.501177
115807 0.533403 -0.0322262 0.501177
115952 0.0322262 -0.533403 -0.501177
116217 0.533403 -0.0322262 0.501177
116362 0.0322262 -0.533403 -0.501177
116624 0.533403 -0.0322262 0.501177
116770 0.0322262 -0.533403 -0.501177
117177 1.00815 -1.00815 1.07884e-08
117586 2.25864 -2.25864 2.6198e-09
117847 0.533403 -0.0322262 0.501177
117990 0.0322262 -0.533403 -0.501177
118511 0.533403 -0.0322262 0.501177
118655 0.0322262 -0.533403 -0.501177
118928 0.533403 -0.0322262 0.501177
119081 0.0322262 -0.533403 -0.501177
119227 0.533403 -0.0322262 0.501177
119374 0.0322262 -0.533403 -0.501177
119788 2.25864 -2.25864 1.88129e-09
119932 0.533403 -0.0322262 0.501177
120080 0.0322262 -0.533403 -0.501177
120228 0.533403 -0.0322262 0.501177
120373 0.0322262 -0.533403 -0.501177
120520 0.533403 -0.0322262 0.501177
120664 0.0322262 -0.533403 -0.501177
120813 0.533403 -0.0322262 0.501177
120957 0.0322262 -0.533403 -0.501177
121247 2.25864 -2.25864 2.34832e-09
121517 0.533403 -0.0322262 0.501177
121661 0.0322262 -0.533403 -0.501177
121811 0.533403 -0.0322262 0.501177
121959 0.0322262 -0.533403 -0.501177
122106 0.533403 -0.0322262 0.501177
122253 0.0322262 -0.533403 -0.501177
122548 0.533403 -0.0322262 0.501177
122861 0.0322262 -0.533403 -0.501177
123025 1.00815 -1.00815 3.12175e-08
123191 1.00815 -1.00815 2.57382e-08
123453 0.533403 -0.0322262 0.501177
123599 0.0322262 -0.533403 -0.501177
123865 0.533403 -0.0322262 0.501177
124157 0.0322262 -0.533403 -0.501177
124547 0.533403 -0.0322262 0.501177
124691 0.0322262 -0.533403 -0.501177
125079 0.533403 -0.0322262 0.501177
125227 0.0322262 -0.533403 -0.501177
125488 0.533403 -0.0322262 0.501177
125633 0.0322262 -0.533403 -0.501177
125780 0.533403 -0.0322262 0.501177
126075 0.0322262 -0.533403 -0.501177
126334 0.533403 -0.0322262 0.501177
126596 0.0322262 -0.533403 -0.501177
126862 0.533403 -0.0322262 0.501177
127009 0.0322262 -0.533403 -0.501177
127286 2.25864 -2.25864 2.86718e-09
127584 0.533403 -0.0322262 0.501177
127726 0.0322262 -0.533403 -0.501177
127872 0.533403 -0.0322262 0.501177
128022 0.0322262 -0.533403 -0.501177
128539 0.533403 -0.0322262 0.501177
128681 0.0322262 -0.533403 -0.501177
128947 0.533403 -0.0322262 0.501177
129237 0.0322262 -0.533403 -0.501177
129506 0.533403 -0.0322262 0.501177
130892 0.0322262 -0.533403 -0.501177
131040 0.533403 -0.0322262 0.501177
131185 0.0322262 -0.533403 -0.501177
131331 0.533403 -0.0322262 0.501177
131896 0.0322262 -0.533403 -0.501177
132039 0.533403 -0.0322262 0.501177
132195 0.0322262 -0.533403 -0.501177
132357 1.00815 -1.00815 1.76447e-08
132517 0.533403 -0.0322262 0.501177
132664 0.0322262 -0.533403 -0.501177
132926 0.533403 -0.0322262 0.501177
133336 0.0322262 -0.533403 -0.501177
133481 0.533403 -0.0322262 0.501177
133642 0.0322262 -0.533403 -0.501177
133909 0.533403 -0.0322262 0.501177
134055 0.0322262 -0.533403 -0.501177
134200 0.533403 -0.0322262 0.501177
134345 0.0322262 -0.533403 -0.501177
134642 0.533403 -0.0322262 0.501177
134905 0.0322262 -0.533403 -0.501177
135182 0.533403 -0.0322262 0.501177
135327 0.0322262 -0.533403 -0.501177
136658 0.533403 -0.0322262 0.501177
136801 0.0322262 -0.533403 -0.501177
136944 0.533403 -0.0322262 0.501177
137088 0.0322262 -0.533403 -0.501177
137235 0.533403 -0.0322262 0.501177
137381 0.0322262 -0.533403 -0.501177
137526 0.533403 -0.533403 1.94473e-08
138270 0.533403 -0.0322262 0.501177
138422 0.0322262 -0.533403 -0.501177
138591 1.00815 -1.00815 2.90152e-08
138741 0.533403 -0.0322262 0.501177
138886 0.0322262 -0.533403 -0.501177
139030 0.533403 -0.0322262 0.501177
139176 0.0322262 -0.533403 -0.501177
139317 0.533403 -0.0322262 0.501177
139469 0.0322262 -0.533403 -0.501177
139859 0.533403 -0.0322262 0.501177
140011 0.0322262 -0.533403 -0.501177
140156 0.533403 -0.0322262 0.501177
140448 0.0322262 -0.533403 -0.501177
140594 0.533404 -0.0322262 0.501177
140739 0.0322262 -0.533403 -0.501177
140883 0.533403 -0.0322262 0.501177
141029 0.0322262 -0.533403 -0.501177
141181 0.533403 -0.0322262 0.501177
141344 0.0322262 -0.533403 -0.501177
141499 0.533403 -0.0322262 0.501177
141646 0.0322262 -0.533403 -0.501177
141991 0.533403 -0.0322262 0.501177
142588 0.0322262 -0.533403 -0.501177
142733 0.533403 -0.0322262 0.501177
