51 0.555287 -0.0391336 0.516154
199 0.0391272 -0.555302 -0.516175
352 0.555351 -0.0391301 0.516221
503 0.0391293 -0.555319 -0.51619
659 0.555325 -0.0391366 0.516188
810 0.0391343 -0.55531 -0.516176
967 0.555339 -0.0391298 0.516209
1116 0.0391309 -0.555299 -0.516168
1267 0.555311 -0.0391328 0.516178
1535 0.0391369 -0.555309 -0.516172
1686 0.555293 -0.0391161 0.516177
1845 0.0391227 -0.555349 -0.516226
1996 0.555314 -0.0391287 0.516185
2147 0.0391291 -0.555321 -0.516192
2533 0.555321 -0.0391331 0.516188
3321 0.0391196 -0.555316 -0.516196
3592 0.555299 -0.0391316 0.516167
3743 0.0391263 -0.555321 -0.516195
3895 0.555333 -0.0391355 0.516197
4223 0.0391362 -0.555304 -0.516168
4374 0.555347 -0.0391379 0.516209
4533 0.0391307 -0.555352 -0.516221
4685 0.555335 -0.0391288 0.516206
4981 0.0391382 -0.555304 -0.516165
5130 0.555315 -0.0391176 0.516198
5288 0.039136 -0.55531 -0.516174
5686 0.555331 -0.0391323 0.516199
6032 0.0391347 -0.555333 -0.516198
6313 0.555329 -0.0391333 0.516196
6493 0.54082 -1.05693 -0.516109
6647 0.555326 -0.0391352 0.51619
6798 0.039131 -0.555313 -0.516182
6955 0.555348 -0.0391391 0.516209
7109 0.0391312 -0.555315 -0.516184
7327 4.97949 -0.22161 4.75788
7497 0.461873 -0.537977 -0.0761035
7857 0.638416 -0.462509 0.175907
8025 0.360651 -0.576467 -0.215817
8636 0.592395 -0.476461 0.115934
8806 0.548547 -0.0266797 0.521868
8978 0.0266726 -0.548548 -0.521876
9159 0.155053 -4.91281 -4.75776
9310 0.555304 -0.0391308 0.516174
9461 0.039137 -0.555344 -0.516207
9613 0.555302 -0.0391189 0.516183
9766 0.0391345 -0.555343 -0.516209
9920 0.555338 -0.0391361 0.516202
10072 0.0391321 -0.555323 -0.516191
10262 2.31671 -2.31672 -5.88056e-06
10415 0.555301 -0.0391328 0.516168
10567 0.0391356 -0.55529 -0.516155
10720 0.555348 -0.0391151 0.516233
11022 0.0391275 -0.555348 -0.516221
11174 0.555295 -0.0391388 0.516156
11326 0.0391362 -0.555326 -0.51619
11476 0.555293 -0.0391371 0.516156
11627 0.0391312 -0.555298 -0.516167
11778 0.555352 -0.0391322 0.516219
11940 0.0391217 -0.555296 -0.516174
12325 0.555309 -0.039128 0.516181
12630 0.0391136 -0.555266 -0.516152
12780 0.55535 -0.0391325 0.516217
13088 0.0391357 -0.555332 -0.516197
13239 0.555333 -0.0391286 0.516204
13389 0.0391313 -0.555333 -0.516202
13539 0.555319 -0.0391301 0.516189
13696 0.0391323 -0.555338 -0.516206
13848 0.555341 -0.0391318 0.516209
13999 0.0391282 -0.555315 -0.516187
14516 2.31672 -2.31671 1.15144e-05
14686 1.05687 -0.540805 0.516069
14879 0.540822 -0.540794 2.76069e-05
15029 0.0391397 -0.555295 -0.516155
15184 0.555354 -0.0391324 0.516221
15336 0.0391239 -0.555326 -0.516202
15796 0.555307 -0.0391302 0.516177
15942 0.0391302 -0.555343 -0.516213
17134 0.555344 -0.039135 0.516209
17285 0.0391337 -0.555328 -0.516195
17465 2.3167 -2.3167 3.44253e-06
17618 0.555337 -0.0391329 0.516204
17769 0.0391145 -0.555335 -0.516221
18035 0.555283 -0.0391197 0.516163
18188 0.0391306 -0.555327 -0.516196
18715 0.55535 -0.0391351 0.516215
18869 0.0391339 -0.555286 -0.516152
19441 0.555318 -0.0391235 0.516195
19592 0.0391211 -0.555342 -0.516221
20054 0.555286 -0.0391328 0.516153
20213 0.0391175 -0.555289 -0.516172
20713 0.555349 -0.0391352 0.516214
21034 0.0391246 -0.555329 -0.516205
21186 0.55534 -0.0391256 0.516215
21648 0.0391311 -0.555303 -0.516172
22202 4.76668 -0.036833 4.72984
22421 0.535701 -0.550953 -0.015252
22736 0.506609 -0.389144 0.117465
22922 0.518056 -0.0199767 0.498079
23289 0.0385251 -5.36848 -5.32996
23446 0.555312 -0.0391391 0.516173
23597 0.0391203 -0.555299 -0.516179
23757 0.555342 -0.0391287 0.516213
23907 0.0391338 -0.555344 -0.51621
24060 0.555302 -0.0391369 0.516165
24208 0.039128 -0.555295 -0.516167
24360 0.555343 -0.0391325 0.516211
24510 0.0391326 -0.555347 -0.516214
24663 0.555279 -0.0391287 0.51615
24969 0.0391303 -0.55534 -0.516209
25122 0.555295 -0.0391314 0.516164
25275 0.0391322 -0.555344 -0.516212
25781 0.555308 -0.0391368 0.516171
26092 0.0391343 -0.5553 -0.516165
26249 0.555321 -0.0391356 0.516185
26636 0.0391181 -0.555343 -0.516225
26790 0.555325 -0.0391238 0.516201
26943 0.0391326 -0.555347 -0.516214
27099 0.555335 -0.0391415 0.516194
27250 0.0391299 -0.555329 -0.5162
27665 0.555351 -0.0391413 0.516209
28211 0.0391154 -0.555316 -0.516201
28530 0.555334 -0.0391338 0.5162
28681 0.0391321 -0.555289 -0.516157
28832 0.555346 -0.039121 0.516225
28984 0.0391354 -0.555311 -0.516175
29140 0.555336 -0.0391327 0.516203
29478 0.540832 -0.540801 3.1021e-05
29629 0.0391329 -0.555323 -0.51619
29806 0.555315 -0.0391365 0.516179
29962 0.0391387 -0.555343 -0.516204
30227 0.555354 -0.0391362 0.516217
30383 0.0391318 -0.555335 -0.516203
30698 0.555335 -0.0391356 0.516199
30856 0.0391329 -0.555337 -0.516204
31011 0.555287 -0.0391344 0.516152
31169 0.0391322 -0.555313 -0.516181
31320 0.5553 -0.0391274 0.516172
31736 0.0391297 -0.55532 -0.51619
32014 0.555337 -0.0391435 0.516194
32167 0.0391395 -0.555338 -0.516199
32653 0.555322 -0.0391294 0.516193
32807 0.0391336 -0.555281 -0.516147
33074 0.555326 -0.0391321 0.516194
33224 0.0391284 -0.555292 -0.516163
33489 0.555324 -0.0391167 0.516207
33640 0.0391324 -0.555318 -0.516185
33796 0.55529 -0.0391324 0.516158
34110 0.0391327 -0.555341 -0.516209
34261 0.555289 -0.0391332 0.516156
34414 0.039136 -0.555335 -0.516199
34568 0.555315 -0.0391311 0.516184
34721 0.0391347 -0.555349 -0.516214
34875 0.555288 -0.0391333 0.516155
35026 0.0391319 -0.555309 -0.516177
35179 0.55533 -0.0391386 0.516192
35330 0.0391337 -0.555352 -0.516218
35487 0.555317 -0.0391393 0.516178
35638 0.0391311 -0.555295 -0.516164
35790 0.555314 -0.0391291 0.516185
35942 0.0391167 -0.555301 -0.516185
36263 2.3167 -2.3167 -1.69296e-06
36419 0.555293 -0.0391233 0.51617
37050 0.0391347 -0.555313 -0.516178
37202 0.555319 -0.0391172 0.516202
37358 0.0391219 -0.555342 -0.51622
37509 0.555288 -0.0391365 0.516151
37659 0.0391338 -0.555286 -0.516153
37943 0.555309 -0.0391307 0.516178
38363 0.0391287 -0.555309 -0.516181
38515 0.555295 -0.0391328 0.516163
38837 0.0391348 -0.555356 -0.516221
39108 0.555293 -0.0391325 0.51616
39257 0.0391356 -0.555336 -0.5162
39417 0.55532 -0.0391351 0.516185
39567 0.0391318 -0.555346 -0.516214
39726 0.555316 -0.0391337 0.516183
39877 0.0391233 -0.555335 -0.516212
40028 0.555298 -0.0391346 0.516163
40184 0.0391315 -0.555297 -0.516165
40485 0.55533 -0.039143 0.516187
40635 0.0391339 -0.555285 -0.516151
41183 0.555332 -0.0391315 0.516201
41334 0.0391304 -0.555348 -0.516218
41609 0.555328 -0.0391324 0.516196
41777 0.0391313 -0.55531 -0.516179
41928 0.555277 -0.0391268 0.51615
42242 0.0391166 -0.55535 -0.516233
42393 0.555338 -0.03913 0.516208
42551 0.0391231 -0.55527 -0.516147
42703 0.555308 -0.0391284 0.516179
42854 0.0391298 -0.555297 -0.516168
43007 0.555293 -0.0391366 0.516157
43158 0.0391289 -0.555316 -0.516187
43311 0.555333 -0.0391313 0.516202
43789 0.0391158 -0.555282 -0.516166
44060 0.555312 -0.0391317 0.516181
44374 0.540825 -0.540811 1.41197e-05
44526 0.0391224 -0.555328 -0.516206
44794 0.555316 -0.0391291 0.516187
44945 0.0391422 -0.555291 -0.516149
45104 0.555347 -0.039119 0.516228
45256 0.039133 -0.555351 -0.516218
45407 0.555316 -0.0391275 0.516188
45866 0.0391288 -0.55533 -0.516201
46020 0.555323 -0.0391333 0.51619
46171 0.0391368 -0.555302 -0.516165
46323 0.555294 -0.03913 0.516163
46500 0.0391367 -0.555338 -0.516201
46765 0.555305 -0.039116 0.516189
47056 0.540807 -0.540804 2.5147e-06
47208 0.0391329 -0.555351 -0.516218
47361 0.555341 -0.0391172 0.516224
47514 0.0391321 -0.555278 -0.516146
48109 0.555293 -0.0391394 0.516154
48257 0.0391341 -0.555334 -0.5162
48783 0.555303 -0.0391336 0.516169
48934 0.0391365 -0.555329 -0.516193
49089 0.555308 -0.0391189 0.516189
49239 0.0391166 -0.555322 -0.516206
49390 0.555306 -0.0391333 0.516173
50030 0.0391289 -0.555314 -0.516185
50595 0.555292 -0.0391337 0.516159
50748 0.0391173 -0.55534 -0.516223
51423 1.05695 -0.540812 0.516141
51713 0.0391338 -0.555318 -0.516184
51980 0.555306 -0.0391432 0.516163
52136 0.0391294 -0.555322 -0.516193
52297 0.555326 -0.0391316 0.516194
52446 0.0391364 -0.555325 -0.516189
52602 0.555327 -0.0391202 0.516207
52903 0.0391432 -0.55529 -0.516146
53194 0.555338 -0.0391323 0.516206
53359 0.540808 -0.540788 2.03181e-05
53512 0.0391284 -0.555292 -0.516163
53668 0.555282 -0.0391343 0.516148
53977 0.03912 -0.555326 -0.516206
54128 0.555345 -0.0391298 0.516215
54449 0.0391358 -0.555341 -0.516205
54600 0.555307 -0.039132 0.516175
54966 0.0391171 -0.555342 -0.516225
55119 0.555349 -0.03913 0.516219
55270 0.0391321 -0.555321 -0.516189
55539 0.555335 -0.0391313 0.516203
55810 0.0391281 -0.555329 -0.516201
56443 5.01833 -0.111896 4.90643
56616 0.516138 -0.0444182 0.47172
56781 0.0164366 -0.534767 -0.518331
56955 0.266569 -0.232394 0.0341753
57756 2.29367 -2.29289 0.000780607
57934 0.487804 -0.0171197 0.470684
58102 0.0576987 -0.464578 -0.406879
58278 0.556027 -0.0396161 0.51641
58461 0.0396313 -0.556017 -0.516385
58629 0.507466 -0.0299698 0.477496
58929 0.165591 -5.60181 -5.43622
59171 2.31671 -2.3167 6.36241e-06
59435 0.555294 -0.0391335 0.516161
59587 0.0391333 -0.555294 -0.516161
60584 0.555325 -0.0391367 0.516189
60737 0.0391313 -0.555332 -0.5162
60893 0.555337 -0.0391319 0.516205
61861 0.039138 -0.555326 -0.516188
62015 0.555294 -0.0391315 0.516163
62166 0.0391346 -0.555356 -0.516221
62322 0.555277 -0.0391176 0.516159
62476 0.039117 -0.55532 -0.516203
62626 0.555313 -0.0391276 0.516186
62774 0.0391138 -0.555347 -0.516233
63245 0.5553 -0.0391345 0.516166
63408 0.0391328 -0.555347 -0.516214
63575 1.05693 -0.540798 0.516129
64024 0.0391454 -0.555314 -0.516169
64175 0.555284 -0.0391312 0.516153
64325 0.0391362 -0.555337 -0.516201
64481 0.555287 -0.0391347 0.516153
64795 0.0391344 -0.555309 -0.516174
64947 0.555304 -0.0391328 0.516171
65222 0.0391428 -0.555324 -0.516181
65380 0.555346 -0.0391404 0.516205
65531 0.0391323 -0.555323 -0.516191
65684 0.555297 -0.0391194 0.516177
65838 0.0391296 -0.555304 -0.516174
66003 1.05697 -0.540805 0.516169
66154 0.0391299 -0.555321 -0.516191
66326 2.3167 -2.3167 4.53074e-06
66477 0.55535 -0.0391352 0.516215
66635 0.0391364 -0.555338 -0.516202
66806 2.3167 -2.31671 -5.95504e-06
67074 0.555296 -0.0391319 0.516164
67388 0.03912 -0.555289 -0.516169
67538 0.555318 -0.0391285 0.516189
67841 0.0391305 -0.555298 -0.516167
67996 0.555348 -0.0391314 0.516217
68312 0.0391306 -0.555345 -0.516214
68471 0.555291 -0.0391322 0.516159
68622 0.0391354 -0.555305 -0.516169
68934 0.555334 -0.0391346 0.5162
69205 0.0391223 -0.555346 -0.516223
69477 0.555351 -0.0391191 0.516232
69649 0.540803 -1.05687 -0.516072
70048 0.555344 -0.03913 0.516214
70374 0.039138 -0.555347 -0.516209
70651 0.555346 -0.039116 0.51623
70967 0.0391388 -0.555296 -0.516157
71273 0.555287 -0.0391307 0.516156
71450 0.5408 -0.540826 -2.66527e-05
71601 0.0391381 -0.555326 -0.516188
71752 0.555295 -0.0391368 0.516158
71908 0.0391364 -0.555306 -0.51617
72173 0.555308 -0.0391338 0.516174
72331 0.0391317 -0.555345 -0.516214
72505 2.31671 -2.3167 1.0961e-05
72659 0.55535 -0.039131 0.516219
72811 0.0391387 -0.555285 -0.516146
73109 4.74066 -0.00872193 4.73194
73273 0.00871917 -4.74065 -4.73194
73425 0.555329 -0.0391325 0.516196
73575 0.0391215 -0.555329 -0.516207
73726 0.555313 -0.0391306 0.516182
73876 0.0391352 -0.555345 -0.51621
74161 1.05697 -0.540808 0.51616
74311 0.0391169 -0.555287 -0.51617
74953 0.555338 -0.0391332 0.516205
75229 0.0391372 -0.555298 -0.516161
75384 0.555345 -0.039133 0.516212
75539 0.0391333 -0.555349 -0.516216
75691 0.555334 -0.0391366 0.516197
75842 0.0391367 -0.555295 -0.516158
76003 1.05687 -0.540809 0.516064
76157 0.0391397 -0.555352 -0.516212
76307 0.555357 -0.0391336 0.516224
76460 0.0391347 -0.555327 -0.516192
76726 0.5553 -0.0391356 0.516164
76879 0.0391358 -0.555346 -0.51621
77031 0.555325 -0.039132 0.516193
77187 0.0391385 -0.555312 -0.516173
77378 4.95055 -4.9505 5.68392e-05
77646 0.555356 -0.039115 0.516241
77796 0.0391094 -0.555291 -0.516182
77950 0.555322 -0.0391365 0.516186
78102 0.0391305 -0.555323 -0.516192
78555 0.555306 -0.0391318 0.516174
78724 0.54081 -0.540802 7.36275e-06
79025 0.0391311 -0.555327 -0.516196
79661 4.95213 -0.0979107 4.85422
79857 0.427438 -0.672973 -0.245536
80044 0.736169 -0.526783 0.209387
80236 0.178049 -4.99609 -4.81804
80526 0.555346 -0.0391326 0.516214
80675 0.0391368 -0.555336 -0.5162
80860 2.31671 -2.3167 9.73824e-06
81030 2.31671 -2.3167 1.64407e-06
81190 0.555336 -0.0391302 0.516205
81339 0.0391309 -0.555342 -0.516211
81623 0.555328 -0.0391441 0.516184
81770 0.0391314 -0.555327 -0.516196
82049 0.555343 -0.0391307 0.516213
82201 0.0391309 -0.555326 -0.516195
82353 0.555305 -0.0391176 0.516187
82780 0.0391351 -0.555332 -0.516197
82934 0.555349 -0.0391337 0.516215
83085 0.0391341 -0.555295 -0.516161
83240 0.555292 -0.0391341 0.516158
83395 0.0391312 -0.555321 -0.51619
83547 0.555348 -0.0391316 0.516216
83699 0.0391093 -0.555346 -0.516236
83850 0.555328 -0.0391313 0.516197
84001 0.0391335 -0.555316 -0.516182
84153 0.555343 -0.0391302 0.516213
84326 0.540802 -0.540832 -2.99065e-05
84480 0.0391363 -0.555298 -0.516162
84631 0.555316 -0.0391201 0.516196
85110 0.0391348 -0.555339 -0.516204
85263 0.555319 -0.039133 0.516186
85430 0.039132 -0.555328 -0.516196
85629 5.00273 -0.105907 4.89683
85794 0.539656 -0.0291503 0.510506
85963 0.0316545 -0.541989 -0.510335
86496 0.0925577 -4.98957 -4.89701
87072 0.555332 -0.0391317 0.5162
87221 0.0391301 -0.555337 -0.516207
87498 0.555286 -0.0391357 0.51615
87650 0.0391328 -0.5553 -0.516168
88046 0.555296 -0.0391252 0.516171
88197 0.0391305 -0.555319 -0.516188
88792 0.555338 -0.0391312 0.516207
89118 0.0391405 -0.555349 -0.516209
89386 0.555349 -0.0391295 0.516219
89537 0.0391302 -0.555293 -0.516163
89689 0.555311 -0.0391342 0.516176
89841 0.0391366 -0.555344 -0.516208
90392 0.555335 -0.0391243 0.51621
90549 0.0391372 -0.555335 -0.516198
90703 0.555303 -0.039134 0.516169
90858 0.03914 -0.555325 -0.516185
91006 0.555308 -0.0391323 0.516175
91468 0.0391199 -0.555344 -0.516224
91974 0.55535 -0.0391275 0.516223
92277 0.0391389 -0.555306 -0.516167
92450 1.05692 -0.540806 0.516116
92602 0.0391369 -0.555329 -0.516192
92754 0.555328 -0.0391428 0.516185
93030 0.0391339 -0.555338 -0.516204
93218 5.01396 -5.01405 -9.03547e-05
93843 0.555331 -0.0391431 0.516188
94311 0.0391329 -0.555346 -0.516213
94581 0.555325 -0.0391364 0.516189
94732 0.0391393 -0.555346 -0.516207
94932 5.01927 -0.0966869 4.92259
95114 0.0967089 -5.01929 -4.92258
95264 0.555329 -0.0391288 0.5162
95420 0.0391284 -0.555345 -0.516217
96447 4.99074 -0.158472 4.83227
96641 0.158467 -4.99079 -4.83232
97069 0.555318 -0.039134 0.516184
97501 0.0391195 -0.555339 -0.51622
97653 0.555313 -0.0391304 0.516182
97805 0.0391329 -0.555308 -0.516175
98432 5.02818 -0.111692 4.91649
98755 2.09433 -2.05669 0.0376448
98930 0.238376 -5.19242 -4.95404
99339 0.555299 -0.0391375 0.516162
99490 0.0391228 -0.55534 -0.516218
99641 0.555317 -0.0391206 0.516197
99793 0.0391121 -0.555308 -0.516196
99969 2.31671 -2.31671 -6.17497e-06
101131 0.555314 -0.0391333 0.51618
101282 0.0391266 -0.555327 -0.5162
101559 1.0569 -0.540779 0.516124
101725 0.0391386 -0.555328 -0.51619
101883 0.555326 -0.0391173 0.516209
102034 0.0391351 -0.555312 -0.516177
102427 0.555346 -0.0391351 0.516211
102579 0.0391288 -0.555303 -0.516174
102729 0.555324 -0.0391342 0.51619
103031 0.0391402 -0.55533 -0.516189
103182 0.555352 -0.039137 0.516215
103484 0.0391385 -0.555332 -0.516194
103636 0.555358 -0.0391163 0.516242
103939 0.0391374 -0.555346 -0.516209
104210 0.555342 -0.039137 0.516205
104363 0.0391347 -0.555323 -0.516188
104677 0.55529 -0.0391319 0.516158
104833 0.0391365 -0.555335 -0.516199
105102 0.555309 -0.0391357 0.516174
105253 0.0391299 -0.555304 -0.516174
105405 0.555335 -0.0391174 0.516218
105556 0.0391319 -0.555345 -0.516213
105838 0.555319 -0.0391363 0.516182
105990 0.0391323 -0.555334 -0.516201
106158 1.05699 -0.540797 0.516194
106469 0.0391354 -0.555334 -0.516199
106622 0.555342 -0.039125 0.516217
106928 0.0391327 -0.555328 -0.516195
107080 0.555352 -0.0391327 0.516219
107230 0.0391293 -0.555334 -0.516205
107385 0.555296 -0.0391355 0.51616
107691 0.039131 -0.555349 -0.516218
107982 2.31671 -2.31671 -8.85355e-06
108134 0.555338 -0.0391351 0.516203
108288 0.03913 -0.555348 -0.516218
108439 0.555345 -0.0391314 0.516214
108593 0.0391335 -0.555357 -0.516223
108744 0.555334 -0.0391297 0.516205
108901 0.0391384 -0.555347 -0.516209
109053 0.555313 -0.0391271 0.516185
109401 0.0391298 -0.555331 -0.516202
109562 0.555351 -0.0391286 0.516223
109713 0.0391212 -0.555308 -0.516187
110050 0.55529 -0.0391361 0.516153
110202 0.0391184 -0.555313 -0.516195
110503 2.3167 -2.31671 -5.52192e-06
110657 0.555354 -0.0391319 0.516222
110808 0.0391327 -0.555329 -0.516196
110961 0.555326 -0.0391362 0.51619
111143 0.0391312 -0.555285 -0.516154
111295 0.555293 -0.0391299 0.516163
111445 0.0391306 -0.55531 -0.51618
112026 0.555291 -0.0391366 0.516155
112178 0.0391345 -0.555312 -0.516177
112958 5.17253 -0.262857 4.90968
113195 2.23207 -2.16091 0.0711536
113380 0.0879932 -5.06889 -4.9809
113708 2.31671 -2.31671 6.52347e-06
113974 0.555316 -0.039123 0.516193
114132 0.0391252 -0.555347 -0.516221
114283 0.55532 -0.0391198 0.5162
114438 0.0391306 -0.555286 -0.516155
114746 0.555335 -0.0391321 0.516203
114907 0.0391388 -0.555335 -0.516196
115057 0.555326 -0.0391331 0.516193
115210 0.0391315 -0.555312 -0.51618
115362 0.555334 -0.0391361 0.516198
115513 0.0391318 -0.555343 -0.516211
115784 0.555321 -0.0391322 0.516189
115935 0.039132 -0.5553 -0.516168
116235 2.3167 -2.31671 -5.29168e-06
116387 0.555302 -0.0391182 0.516184
116542 0.0391307 -0.555356 -0.516225
116697 0.555344 -0.0391401 0.516204
116969 0.0391366 -0.5553 -0.516164
117244 0.555345 -0.0391194 0.516225
117835 0.0391301 -0.555327 -0.516197
117986 0.555349 -0.0391171 0.516232
118137 0.0391314 -0.555311 -0.51618
118298 0.555331 -0.0391354 0.516196
118580 0.0391392 -0.555347 -0.516208
118731 0.555335 -0.0391335 0.516202
118883 0.0391366 -0.555324 -0.516188
119156 0.555312 -0.0391305 0.516181
119307 0.0391329 -0.555348 -0.516215
119851 2.31671 -2.31672 -9.59342e-06
120002 0.555326 -0.039122 0.516204
120155 0.0391312 -0.555334 -0.516203
120308 0.555343 -0.0391342 0.516209
120457 0.0391367 -0.555305 -0.516169
120630 2.31671 -2.3167 1.53994e-05
121080 0.555293 -0.0391251 0.516168
121232 0.0391196 -0.555314 -0.516194
121405 2.31671 -2.31669 1.33019e-05
121643 5.10882 -5.10879 2.98696e-05
121794 0.55535 -0.0391359 0.516214
121953 0.0391211 -0.555335 -0.516214
122120 2.3167 -2.3167 -3.30776e-07
122484 4.99127 -0.097013 4.89425
122653 0.0969956 -4.99127 -4.89428
122827 0.555304 -0.0391322 0.516172
122980 0.039134 -0.555322 -0.516188
123136 0.55535 -0.0391348 0.516215
123287 0.0391305 -0.555314 -0.516184
123557 0.555345 -0.0391302 0.516214
123726 0.540833 -1.05687 -0.516038
124131 0.555322 -0.03913 0.516191
124288 0.0391344 -0.555345 -0.516211
124594 0.555303 -0.039141 0.516162
125083 0.0391129 -0.555297 -0.516184
125498 0.555289 -0.039135 0.516154
125648 0.0391376 -0.555348 -0.51621
126080 0.555289 -0.0391278 0.516162
126236 0.0391172 -0.55535 -0.516233
126621 0.555348 -0.0391372 0.516211
127075 0.0391347 -0.555284 -0.516149
127226 0.555289 -0.0391359 0.516153
127534 0.0391362 -0.55533 -0.516193
127809 0.555315 -0.039131 0.516184
127961 0.0391188 -0.555341 -0.516222
128113 0.555345 -0.0391344 0.51621
128557 0.0391331 -0.555313 -0.51618
128718 2.31669 -2.3167 -1.02836e-05
129000 2.3167 -2.3167 -5.10749e-07
129152 0.555333 -0.0391308 0.516202
129440 0.0391157 -0.555314 -0.516198
129591 0.555351 -0.0391181 0.516233
129742 0.0391383 -0.555323 -0.516185
130914 0.55531 -0.0391341 0.516176
131065 0.0391304 -0.555321 -0.516191
132013 0.555341 -0.039136 0.516205
132165 0.0391188 -0.555319 -0.5162
132434 0.555345 -0.03913 0.516215
132589 0.0391326 -0.555297 -0.516164
132742 0.555305 -0.0391167 0.516188
132901 0.540794 -0.540801 -6.91883e-06
133051 0.0391309 -0.555302 -0.516172
133206 0.555328 -0.039133 0.516195
133356 0.0391359 -0.5553 -0.516164
133682 0.555295 -0.0391324 0.516163
134151 0.0391447 -0.555319 -0.516174
134584 0.55531 -0.0391333 0.516177
134751 0.540828 -0.540805 2.29029e-05
134902 0.0391347 -0.555332 -0.516197
135056 0.555296 -0.0391397 0.516157
135209 0.0391324 -0.555333 -0.5162
135363 0.555329 -0.039133 0.516197
135753 0.0391337 -0.555349 -0.516216
135907 0.555321 -0.039147 0.516174
136217 0.0391296 -0.555328 -0.516198
136367 0.555341 -0.0391328 0.516208
136517 0.0391315 -0.555305 -0.516174
136691 2.31671 -2.3167 1.04844e-05
136873 2.3167 -2.31671 -1.16729e-05
137024 0.555319 -0.0391302 0.516189
137290 0.0391343 -0.555301 -0.516167
137443 0.555331 -0.0391183 0.516213
137755 0.0391337 -0.555323 -0.516189
137909 0.555335 -0.0391428 0.516192
138061 0.0391367 -0.555332 -0.516195
138213 0.555344 -0.0391293 0.516215
138365 0.0391315 -0.555329 -0.516198
138518 0.555328 -0.0391293 0.516198
138669 0.0391227 -0.555335 -0.516212
138820 0.555296 -0.0391188 0.516178
139124 0.0391318 -0.555332 -0.5162
139276 0.555291 -0.0391312 0.51616
139433 0.0391152 -0.555332 -0.516217
139874 0.555348 -0.0391267 0.516222
140032 0.0391285 -0.555344 -0.516215
140710 0.555334 -0.0391347 0.516199
140863 0.0391305 -0.555333 -0.516203
141015 0.555329 -0.0391383 0.51619
141319 0.0391309 -0.555291 -0.516161
141494 2.31669 -2.31671 -1.30119e-05
141644 0.555359 -0.0391175 0.516241
142245 0.0391285 -0.555336 -0.516207
142510 0.555304 -0.0391318 0.516172
142661 0.0391168 -0.55531 -0.516193
143422 0.555309 -0.0391282 0.516181
143883 0.0391335 -0.555332 -0.516198
144035 0.555331 -0.0391226 0.516208
144228 0.5408 -0.540837 -3.73136e-05
144391 0.0391281 -0.555316 -0.516188
144731 0.555317 -0.0391324 0.516185
144884 0.0391374 -0.555313 -0.516176
145306 0.555308 -0.0391291 0.516179
145456 0.0391336 -0.555301 -0.516167
145731 0.555326 -0.0391388 0.516187
145881 0.0391325 -0.55534 -0.516208
146032 0.555336 -0.0391324 0.516204
146186 0.0391278 -0.555316 -0.516188
146342 0.555285 -0.0391306 0.516154
146493 0.0391308 -0.555284 -0.516153
146644 0.555335 -0.03913 0.516205
146801 0.0391359 -0.555348 -0.516212
147150 0.555337 -0.0391271 0.51621
147301 0.0391358 -0.555311 -0.516176
147490 4.76662 -0.0368286 4.7298
147675 0.454347 -0.515097 -0.0607498
147846 0.54648 -0.0153696 0.531111
148395 0.0331877 -0.357265 -0.324077
148964 0.561407 -0.48458 0.0768275
149143 0.528972 -0.0312969 0.497675
149829 0.0312954 -0.528959 -0.497664
150139 0.393306 -0.13449 0.258816
150321 0.134509 -0.393304 -0.258795
150497 0.484692 -0.0520803 0.432611
150814 0.0183044 -0.494488 -0.476184
150991 0.55357 -0.0248826 0.528687
151359 0.0395262 -0.5534 -0.513874
151740 0.13105 -5.05528 -4.92423
151894 0.55533 -0.0391266 0.516204
152049 0.0391311 -0.555322 -0.516191
