53 0.55534 -0.0391359 0.516204
328 0.0391355 -0.555336 -0.516201
723 0.555324 -0.0391357 0.516188
879 0.0391391 -0.555324 -0.516185
1779 0.555341 -0.0391409 0.5162
1940 0.0391374 -0.55535 -0.516213
2516 1.05688 -0.540804 0.516075
2674 0.0391242 -0.55532 -0.516196
2829 0.555345 -0.0391376 0.516208
2982 0.0391382 -0.555352 -0.516213
3261 0.555323 -0.03914 0.516183
3415 0.0391347 -0.555324 -0.516189
3724 0.555326 -0.0391394 0.516186
3877 0.0391254 -0.555319 -0.516194
4462 0.555353 -0.0391381 0.516215
4615 0.0391344 -0.555343 -0.516209
6151 0.555347 -0.0391362 0.516211
6635 0.0391323 -0.555353 -0.51622
6788 0.555327 -0.0391368 0.51619
7063 0.0391401 -0.555323 -0.516183
7217 0.555322 -0.0391332 0.516188
7369 0.0391324 -0.555349 -0.516217
7523 0.555333 -0.0391371 0.516196
7677 0.0391372 -0.555334 -0.516196
8924 0.555326 -0.0391358 0.51619
9245 0.0391382 -0.55535 -0.516212
9398 0.555323 -0.0391351 0.516188
9567 0.540794 -0.540789 5.31107e-06
9723 0.0391376 -0.555355 -0.516218
9996 0.555321 -0.0391363 0.516185
10302 0.039136 -0.555355 -0.516219
10455 0.555347 -0.0391337 0.516214
10613 0.0391329 -0.555318 -0.516185
10882 0.555349 -0.0391372 0.516212
11037 0.0391382 -0.55532 -0.516182
11440 0.555332 -0.0391387 0.516194
11885 0.0391388 -0.555347 -0.516208
12192 1.0569 -0.540815 0.516084
12349 0.0391412 -0.555333 -0.516192
12756 0.555352 -0.039139 0.516213
13078 0.0391375 -0.555329 -0.516192
13991 0.555324 -0.039136 0.516188
14145 0.0391326 -0.555345 -0.516212
14299 0.555349 -0.0391374 0.516212
14628 0.0391374 -0.555353 -0.516216
15149 0.555324 -0.0391359 0.516189
15305 0.0391359 -0.555344 -0.516208
15488 2.3167 -2.3167 -2.26725e-06
16047 0.555326 -0.0391349 0.516191
16200 0.0391362 -0.555328 -0.516191
16353 0.555349 -0.0391347 0.516215
16534 0.540807 -0.540806 4.33772e-07
16688 0.0391348 -0.555351 -0.516216
16844 0.555265 -0.0391347 0.51613
16999 0.0391359 -0.555354 -0.516218
17402 0.555322 -0.0391315 0.516191
17556 0.0391279 -0.555321 -0.516193
18486 2.31671 -2.31669 1.55569e-05
18761 0.555331 -0.0391354 0.516196
18929 0.0391359 -0.555339 -0.516203
19351 0.555352 -0.0391268 0.516225
19504 0.0391369 -0.555348 -0.516211
19900 0.555324 -0.0391348 0.51619
20053 0.0391348 -0.555351 -0.516216
20457 0.555321 -0.0391381 0.516183
20612 0.0391329 -0.555325 -0.516192
20902 0.55532 -0.0391355 0.516184
21057 0.0391362 -0.555354 -0.516218
21695 0.555322 -0.0391374 0.516185
21854 0.039135 -0.555349 -0.516214
22011 0.555319 -0.0391326 0.516186
22169 0.0391371 -0.555347 -0.51621
22353 2.31669 -2.3167 -3.09239e-06
22514 0.555357 -0.0391339 0.516223
22667 0.0391368 -0.555347 -0.51621
23320 0.555342 -0.0391334 0.516209
23475 0.039135 -0.555337 -0.516202
23629 0.555326 -0.0391375 0.516189
23797 0.039137 -0.555338 -0.516201
23961 2.3167 -2.31671 -1.00594e-05
24117 0.555323 -0.039136 0.516187
24270 0.0391372 -0.55535 -0.516212
24427 0.555343 -0.0391339 0.51621
24581 0.0391362 -0.555322 -0.516186
24734 0.555324 -0.0391382 0.516185
24890 0.0391333 -0.555325 -0.516192
25528 0.555346 -0.0391345 0.516211
25682 0.0391359 -0.555332 -0.516196
26315 0.555325 -0.0391373 0.516188
26600 0.0391382 -0.555335 -0.516197
26991 0.555357 -0.0391356 0.516221
27470 0.540812 -0.540798 1.41755e-05
27636 0.54079 -0.540815 -2.50492e-05
27804 0.540823 -0.540788 3.55782e-05
27957 0.0391402 -0.555322 -0.516182
28262 2.3167 -2.31671 -4.77825e-06
28539 0.555326 -0.0391347 0.516192
28821 0.0391322 -0.555352 -0.516219
28975 0.55532 -0.0391324 0.516188
29154 0.0391365 -0.555337 -0.516201
29579 2.31669 -2.31671 -1.55768e-05
29753 2.31672 -2.31669 2.4217e-05
30265 0.55535 -0.0391371 0.516213
30419 0.0391344 -0.555352 -0.516217
30576 0.555347 -0.039134 0.516213
30730 0.0391327 -0.555324 -0.516191
31406 0.555323 -0.0391345 0.516189
31570 0.039136 -0.555339 -0.516204
31845 0.55532 -0.0391348 0.516185
31999 0.0391347 -0.555326 -0.516192
32846 0.555323 -0.0391335 0.516189
33136 0.0391295 -0.555346 -0.516217
33415 0.555326 -0.0391331 0.516193
33569 0.0391361 -0.555321 -0.516185
33722 0.555319 -0.0391328 0.516186
33875 0.0391323 -0.555321 -0.516188
34030 0.555354 -0.0391336 0.516221
34192 0.0391368 -0.555271 -0.516134
34715 0.555349 -0.0391365 0.516213
35149 0.0391295 -0.555341 -0.516212
35316 1.05692 -0.540804 0.516115
35588 0.039135 -0.555351 -0.516216
35741 0.555329 -0.0391341 0.516195
36178 0.0391359 -0.555342 -0.516206
37685 0.55535 -0.0391363 0.516214
37993 0.0391377 -0.555332 -0.516195
38289 2.31672 -2.31671 2.54468e-06
38446 0.555348 -0.0391355 0.516212
38597 0.0391359 -0.555349 -0.516213
39165 0.555329 -0.039126 0.516203
39319 0.0391383 -0.555339 -0.516201
39475 0.555325 -0.0391376 0.516188
39632 0.0391376 -0.555331 -0.516193
39787 0.555353 -0.0391384 0.516215
40407 0.0391353 -0.555328 -0.516193
40561 0.555322 -0.0391362 0.516186
40714 0.0391365 -0.555323 -0.516187
41137 0.555333 -0.0391355 0.516198
41292 0.03914 -0.555328 -0.516188
41940 0.555325 -0.0391376 0.516188
42235 0.0391346 -0.555322 -0.516187
42749 0.555347 -0.0391371 0.51621
43030 0.0391336 -0.555351 -0.516217
43790 0.555353 -0.0391353 0.516218
44326 0.0391365 -0.55535 -0.516213
44728 0.555321 -0.039138 0.516183
44882 0.039135 -0.555325 -0.51619
45159 0.555323 -0.0391376 0.516185
45312 0.039125 -0.555323 -0.516198
45600 0.555316 -0.0391306 0.516186
46008 0.0391332 -0.555324 -0.516191
46285 0.555321 -0.039136 0.516185
46437 0.0391369 -0.555346 -0.516209
46606 2.3167 -2.3167 -3.24469e-06
46876 0.555321 -0.039137 0.516184
47194 0.0391346 -0.555321 -0.516186
47347 0.555322 -0.0391351 0.516187
47630 0.0391346 -0.555349 -0.516215
47909 0.555326 -0.039134 0.516192
48062 0.0391338 -0.55534 -0.516206
48459 0.555324 -0.039135 0.516189
48737 0.039137 -0.555348 -0.516211
49521 2.31671 -2.31669 1.52147e-05
49677 0.555343 -0.039134 0.516209
49830 0.0391409 -0.555326 -0.516185
50531 0.55532 -0.0391375 0.516183
50694 0.0391355 -0.555359 -0.516223
50847 0.555351 -0.0391346 0.516216
51154 0.039136 -0.555347 -0.516211
51457 2.3167 -2.3167 2.99727e-06
51610 0.555345 -0.039134 0.516211
51764 0.0391341 -0.555349 -0.516215
52043 0.555325 -0.0391338 0.516191
52604 0.039134 -0.555342 -0.516208
52881 0.555324 -0.0391391 0.516185
53037 0.0391334 -0.555325 -0.516192
53306 0.555355 -0.0391384 0.516217
53462 0.0391386 -0.555345 -0.516206
54264 0.555322 -0.0391385 0.516184
54415 0.0391361 -0.555321 -0.516185
54700 0.555339 -0.0391353 0.516203
54856 0.0391385 -0.555331 -0.516192
55009 0.55535 -0.0391346 0.516215
55163 0.0391337 -0.555346 -0.516212
55317 0.555328 -0.0391396 0.516188
55628 0.0391371 -0.555327 -0.51619
56390 0.55534 -0.0391349 0.516205
56544 0.0391338 -0.555325 -0.516191
56718 2.3167 -2.3167 3.18992e-06
56990 0.555325 -0.0391323 0.516193
57143 0.039135 -0.555327 -0.516192
57332 2.3167 -2.3167 2.2269e-06
57484 0.555346 -0.0391386 0.516207
57638 0.0391351 -0.555327 -0.516191
57791 0.555328 -0.0391407 0.516187
57945 0.0391346 -0.555323 -0.516188
58347 0.555322 -0.0391242 0.516197
58503 0.039137 -0.55527 -0.516133
59061 5.11416 0.000708223 5.11487
59437 0.00210683 -4.60083 -4.59873
59598 0.0391336 -0.555324 -0.51619
60230 0.555352 -0.0391332 0.516219
60514 0.0391327 -0.555347 -0.516214
60908 0.555353 -0.0391381 0.516215
61062 0.039138 -0.555349 -0.516211
61334 0.555345 -0.0391402 0.516204
61491 0.0391382 -0.555271 -0.516133
61848 0.555318 -0.039136 0.516182
62316 0.0391345 -0.555352 -0.516217
64087 0.555332 -0.0391275 0.516204
64242 0.0391353 -0.55533 -0.516194
64519 0.555349 -0.0391351 0.516214
64673 0.0391352 -0.555355 -0.51622
64832 0.555348 -0.0391369 0.516211
64985 0.039136 -0.555351 -0.516215
65137 0.555342 -0.0391323 0.51621
65298 0.0391342 -0.55535 -0.516216
65450 0.555327 -0.0391376 0.516189
65767 0.0391344 -0.555275 -0.51614
66419 0.55534 -0.0391332 0.516206
66691 0.0391341 -0.555344 -0.51621
67121 0.555327 -0.0391348 0.516192
67277 0.0391398 -0.555336 -0.516196
67436 0.555328 -0.0391339 0.516194
67747 0.0391372 -0.555345 -0.516208
67901 0.555326 -0.0391352 0.51619
68055 0.0391345 -0.55532 -0.516186
68208 0.555349 -0.0391357 0.516213
68364 0.0391337 -0.555351 -0.516218
68636 0.555318 -0.0391379 0.516181
68911 0.0391345 -0.555321 -0.516187
69068 0.555326 -0.0391365 0.51619
69394 0.0391342 -0.55527 -0.516136
70039 0.555348 -0.0391371 0.516211
70194 0.0391346 -0.555322 -0.516188
70356 0.555327 -0.0391373 0.51619
70512 0.0391368 -0.555325 -0.516188
70667 0.555322 -0.0391352 0.516187
70822 0.0391317 -0.555325 -0.516193
71215 0.555317 -0.0391334 0.516184
71369 0.0391348 -0.555325 -0.51619
71643 0.555319 -0.0391367 0.516183
71964 0.0391355 -0.55536 -0.516224
72373 0.555322 -0.0391376 0.516185
72657 0.0391405 -0.555322 -0.516182
73667 0.555325 -0.0391365 0.516189
73821 0.0391339 -0.555324 -0.51619
74101 0.555335 -0.0391351 0.5162
74255 0.0391337 -0.55535 -0.516216
74409 0.555344 -0.0391338 0.51621
74562 0.0391337 -0.555346 -0.516212
75333 0.555331 -0.0391311 0.5162
75486 0.0391343 -0.555323 -0.516188
76016 0.555321 -0.0391362 0.516185
76223 0.0391391 -0.555321 -0.516182
77861 0.555318 -0.0391414 0.516177
78014 0.0391358 -0.555326 -0.51619
78286 0.555351 -0.0391351 0.516216
78441 0.0391394 -0.555321 -0.516181
78595 0.555323 -0.039136 0.516187
78872 0.039135 -0.55534 -0.516205
79814 2.3167 -2.31671 -5.93488e-06
80087 0.555353 -0.0391348 0.516218
80242 0.0391307 -0.555334 -0.516204
80664 0.555321 -0.0391351 0.516186
81214 0.0391339 -0.55533 -0.516197
81366 0.555323 -0.0391386 0.516184
81521 0.039138 -0.555324 -0.516186
81679 0.555341 -0.0391362 0.516205
81984 0.0391392 -0.555326 -0.516186
82271 0.555344 -0.0391354 0.516209
82428 0.0391367 -0.555343 -0.516207
82700 0.555327 -0.0391416 0.516185
82981 0.039136 -0.555324 -0.516188
83253 0.555327 -0.039136 0.51619
83532 0.0391359 -0.555355 -0.516219
84054 0.555324 -0.0391363 0.516187
84226 0.0391361 -0.555345 -0.516209
84764 0.555352 -0.0391391 0.516212
84919 0.0391372 -0.555341 -0.516203
85210 0.555351 -0.0391362 0.516214
85503 0.0391351 -0.555326 -0.516191
85776 0.555352 -0.0391362 0.516216
85969 0.0391401 -0.55533 -0.51619
86360 0.555357 -0.0391365 0.51622
86515 0.0391364 -0.555322 -0.516185
86826 0.555323 -0.0391357 0.516187
87146 0.0391244 -0.555324 -0.516199
87419 0.555324 -0.0391399 0.516185
87576 0.0391368 -0.555348 -0.516212
87993 0.555351 -0.0391372 0.516214
88147 0.0391366 -0.555347 -0.51621
88323 2.31671 -2.31671 -1.83357e-06
88602 0.555349 -0.0391364 0.516213
89031 0.039137 -0.555335 -0.516198
89189 0.555349 -0.0391371 0.516212
89344 0.0391321 -0.555338 -0.516205
89499 0.555323 -0.0391343 0.516189
89659 0.0391334 -0.555325 -0.516192
90054 0.555329 -0.0391436 0.516185
90331 0.0391347 -0.555323 -0.516189
90488 0.555356 -0.0391352 0.516221
90642 0.0391349 -0.555329 -0.516194
90795 0.555326 -0.0391331 0.516193
90955 0.0391353 -0.555311 -0.516176
91233 0.555323 -0.0391354 0.516188
91386 0.0391318 -0.555328 -0.516196
91670 0.555322 -0.0391345 0.516188
91823 0.0391322 -0.555342 -0.51621
92339 0.555347 -0.0391346 0.516212
92493 0.0391369 -0.555348 -0.516211
92669 2.31669 -2.3167 -5.71757e-06
93193 0.555328 -0.0391365 0.516191
93500 0.0391361 -0.555345 -0.516209
93978 0.555322 -0.0391405 0.516182
94665 0.0391306 -0.555265 -0.516134
94943 0.555323 -0.0391373 0.516186
95096 0.0391345 -0.55535 -0.516215
95388 0.555321 -0.0391343 0.516187
95545 0.0391345 -0.555323 -0.516188
95818 0.555344 -0.0391335 0.51621
95973 0.0391383 -0.555354 -0.516216
96262 0.555339 -0.0391386 0.5162
96567 0.0391341 -0.555322 -0.516188
96721 0.555339 -0.0391336 0.516205
96875 0.0391388 -0.555343 -0.516204
97037 0.555341 -0.0391354 0.516206
97190 0.0391371 -0.55534 -0.516203
97725 0.555319 -0.0391351 0.516184
97879 0.0391358 -0.555326 -0.51619
98271 0.555322 -0.039134 0.516188
98593 0.0391335 -0.555322 -0.516189
99546 0.555327 -0.0391388 0.516188
99700 0.0391369 -0.55532 -0.516183
99971 0.555325 -0.0391358 0.516189
100124 0.0391347 -0.555355 -0.516221
100280 0.555326 -0.0391342 0.516192
100433 0.0391369 -0.555326 -0.516189
100587 0.555324 -0.0391347 0.516189
100868 0.0391361 -0.555345 -0.516209
101023 0.555351 -0.0391391 0.516212
101178 0.0391403 -0.555323 -0.516183
101464 0.555323 -0.0391368 0.516187
101863 0.039124 -0.555342 -0.516218
102144 0.555329 -0.0391378 0.516192
102298 0.0391357 -0.555352 -0.516216
102578 0.555323 -0.039138 0.516185
102750 0.0391327 -0.555323 -0.51619
103146 0.55535 -0.0391389 0.516211
103300 0.0391365 -0.555268 -0.516132
103454 0.555329 -0.0391379 0.516191
103813 0.0391327 -0.555325 -0.516192
104088 0.555319 -0.039136 0.516184
104243 0.0391361 -0.555324 -0.516188
104398 0.555321 -0.0391341 0.516187
104552 0.0391354 -0.555324 -0.516188
105301 0.55532 -0.0391348 0.516185
105612 0.0391336 -0.555321 -0.516188
105885 0.555323 -0.0391345 0.516189
106045 0.0391351 -0.555319 -0.516184
106728 0.555321 -0.0391344 0.516187
106881 0.0391332 -0.555346 -0.516213
107154 0.555351 -0.0391358 0.516216
107307 0.0391288 -0.555346 -0.516217
107656 5.17208 -0.243373 4.92871
107834 0.583794 -0.0649986 0.518795
108029 0.163419 -0.289247 -0.125828
108193 0.077725 -0.454112 -0.376387
108377 0.23526 -0.245517 -0.010257
108669 0.535543 -0.0364006 0.499143
108846 0.0363989 -0.535545 -0.499146
109025 0.262727 -0.26645 -0.00372328
109207 0.174218 -5.10558 -4.93137
109362 0.555325 -0.0391338 0.516191
109522 0.0391336 -0.555346 -0.516212
109812 0.555347 -0.0391322 0.516215
109970 0.0391327 -0.555322 -0.516189
110125 0.555267 -0.0391378 0.516129
110279 0.0391351 -0.555351 -0.516216
110564 0.555346 -0.0391373 0.516208
110718 0.0391316 -0.55533 -0.516199
111002 0.555322 -0.0391333 0.516189
111161 0.0391323 -0.555319 -0.516187
111432 0.555327 -0.0391364 0.51619
111586 0.0391347 -0.55533 -0.516196
111737 0.555349 -0.0391331 0.516216
111898 0.0391322 -0.555325 -0.516193
112174 0.555318 -0.0391368 0.516181
112328 0.0391351 -0.555272 -0.516137
112483 0.555322 -0.0391395 0.516183
112637 0.0391325 -0.555319 -0.516187
113276 0.555317 -0.0391344 0.516182
113430 0.0391342 -0.555341 -0.516207
113584 0.555321 -0.0391335 0.516188
113739 0.0391432 -0.55533 -0.516187
114167 0.555337 -0.0391354 0.516202
114319 0.0391349 -0.55535 -0.516215
114473 0.555326 -0.039137 0.516189
114636 0.039136 -0.55532 -0.516184
114922 0.555322 -0.0391336 0.516189
115385 0.0391363 -0.555328 -0.516192
115904 0.55535 -0.0391378 0.516212
116182 0.0391317 -0.555316 -0.516184
116365 1.05689 -0.540814 0.516076
116517 0.0391343 -0.555345 -0.51621
116669 0.555354 -0.0391361 0.516218
116825 0.0391371 -0.555348 -0.516211
117225 0.555318 -0.0391334 0.516185
117394 0.0391362 -0.555348 -0.516212
118169 0.555329 -0.0391384 0.516191
118444 0.0391362 -0.555328 -0.516192
119145 0.555324 -0.0391364 0.516188
119308 0.0391357 -0.555342 -0.516207
119708 0.555326 -0.0391386 0.516187
119862 0.0391384 -0.555335 -0.516196
120261 0.555326 -0.0391336 0.516192
120534 0.0391347 -0.55535 -0.516215
121089 0.555324 -0.0391365 0.516188
121242 0.0391355 -0.555352 -0.516217
121396 0.555348 -0.0391323 0.516216
121554 0.0391369 -0.555333 -0.516196
121841 0.555321 -0.0391328 0.516188
122002 0.0391377 -0.555357 -0.516219
122156 0.555351 -0.0391357 0.516215
122310 0.0391335 -0.555329 -0.516195
122587 0.555345 -0.0391343 0.516211
122747 0.0391375 -0.555327 -0.516189
122900 0.555324 -0.0391335 0.516191
123181 0.0391342 -0.555328 -0.516194
124070 0.55532 -0.0391354 0.516185
124225 0.0391399 -0.555324 -0.516184
124503 0.555322 -0.0391354 0.516187
124657 0.0391378 -0.55535 -0.516212
124943 0.555345 -0.0391381 0.516207
125096 0.0391378 -0.555325 -0.516188
125251 0.555324 -0.0391362 0.516188
125406 0.039135 -0.555354 -0.516219
126581 0.555324 -0.0391332 0.51619
126890 0.0391358 -0.555348 -0.516213
127048 0.555327 -0.0391353 0.516192
127204 0.0391361 -0.555321 -0.516185
127615 0.555338 -0.0391381 0.5162
127773 0.0391332 -0.55535 -0.516217
128048 0.555321 -0.0391363 0.516185
128217 0.0391346 -0.555329 -0.516195
128611 0.555349 -0.0391344 0.516215
128917 0.0391399 -0.555321 -0.516182
129084 0.555352 -0.039134 0.516218
129237 0.0391396 -0.555328 -0.516189
129513 0.555325 -0.0391354 0.51619
129668 0.0391363 -0.555348 -0.516211
129946 0.55532 -0.0391407 0.51618
130358 0.0391363 -0.555269 -0.516133
130864 0.555324 -0.0391389 0.516186
131171 0.0391393 -0.555325 -0.516186
131447 0.55533 -0.0391325 0.516198
131603 0.0391347 -0.555346 -0.516211
132199 0.555348 -0.0391353 0.516213
132353 0.0391362 -0.555325 -0.516188
132636 0.555324 -0.0391329 0.516191
132789 0.0391356 -0.555353 -0.516217
133864 0.555351 -0.039133 0.516218
134263 0.0391391 -0.555334 -0.516194
134421 0.555335 -0.0391346 0.516201
134588 0.039127 -0.555327 -0.5162
134742 0.555341 -0.039136 0.516205
135019 0.0391347 -0.55535 -0.516216
135171 0.555349 -0.0391353 0.516214
135732 0.0391361 -0.555347 -0.516211
136011 0.555343 -0.039134 0.516209
136168 0.0391367 -0.55535 -0.516213
136989 0.555324 -0.0391347 0.516189
137143 0.0391395 -0.555327 -0.516188
137307 0.555325 -0.0391414 0.516184
137460 0.0391351 -0.555348 -0.516213
138234 0.555353 -0.0391366 0.516216
138527 0.0391414 -0.555325 -0.516183
138685 0.555327 -0.0391411 0.516186
138838 0.0391381 -0.55533 -0.516192
139025 2.3167 -2.31671 -5.65832e-06
139179 0.555324 -0.0391415 0.516182
139454 0.0391334 -0.555318 -0.516185
139754 2.3167 -2.3167 1.86929e-06
139911 0.555345 -0.0391396 0.516205
140066 0.0391368 -0.555349 -0.516213
140221 0.555328 -0.0391411 0.516186
140374 0.0391376 -0.555339 -0.516201
140534 0.555328 -0.039136 0.516192
140686 0.0391352 -0.555348 -0.516213
140963 0.555328 -0.0391341 0.516194
141119 0.0391335 -0.555339 -0.516205
141695 0.555323 -0.0391392 0.516183
141968 0.0391375 -0.555345 -0.516207
142122 0.555328 -0.0391332 0.516195
142277 0.0391352 -0.555327 -0.516191
142687 0.555325 -0.0391351 0.51619
142842 0.0391357 -0.555322 -0.516186
143272 2.31671 -2.31671 3.82119e-06
