0 0.720005 -0.121195 0.59881
101 0.121184 -0.719999 -0.598814
302 0.719996 -0.12119 0.598805
403 0.121191 -0.72 -0.598809
504 0.720002 -0.121195 0.598807
605 0.121168 -0.720002 -0.598834
806 0.720006 -0.121196 0.59881
907 0.121191 -0.720001 -0.598809
1008 0.719992 -0.121205 0.598787
1109 0.121186 -0.72001 -0.598824
1210 0.719993 -0.121201 0.598793
1311 0.121192 -0.720004 -0.598813
1412 0.719999 -0.121185 0.598814
1513 0.121165 -0.720002 -0.598837
1614 0.72 -0.121195 0.598805
1815 0.121175 -0.720007 -0.598833
1916 0.720007 -0.121212 0.598795
2017 0.121185 -0.720002 -0.598817
2318 0.720001 -0.121179 0.598822
2419 0.12117 -0.720006 -0.598836
2520 0.719994 -0.121209 0.598785
2621 0.615673 -0.044882 0.570791
2722 0.548135 -0.0340652 0.51407
2823 0.0340694 -0.548137 -0.514068
2924 0.0448845 -0.615676 -0.570792
3025 0.121194 -0.720003 -0.598808
3126 0.720008 -0.121189 0.598819
3327 0.121183 -0.720013 -0.59883
3728 0.720006 -0.121208 0.598798
3829 0.615673 -0.0448867 0.570786
3930 0.0448832 -0.615668 -0.570785
4131 0.121199 -0.719999 -0.5988
4232 2.66587 -2.66588 -7.10227e-06
4533 0.720007 -0.121179 0.598828
4634 2.56889 -3.16771 -0.598827
4835 0.720003 -0.121202 0.598801
5236 0.121191 -0.719996 -0.598805
5437 0.719991 -0.121187 0.598805
5638 0.121162 -0.719987 -0.598825
5839 0.719992 -0.12121 0.598782
6040 0.121192 -0.72 -0.598809
6241 0.719994 -0.121203 0.598791
6342 0.121198 -0.720003 -0.598805
6643 0.720009 -0.121183 0.598827
6844 0.121172 -0.719999 -0.598827
7045 0.719993 -0.121206 0.598787
7146 0.121155 -0.720004 -0.598849
7247 0.720003 -0.121193 0.59881
7548 0.121182 -0.72 -0.598818
7749 0.720005 -0.121161 0.598845
8050 0.121197 -0.720002 -0.598805
8251 0.720003 -0.121217 0.598786
8552 0.121186 -0.719997 -0.59881
10553 0.720001 -0.121206 0.598795
10954 0.121201 -0.720008 -0.598806
11055 0.720004 -0.121192 0.598811
11156 0.121195 -0.719989 -0.598795
12157 0.720009 -0.121187 0.598822
12258 0.121184 -0.719997 -0.598814
12359 3.14355 -2.54473 0.598824
12460 0.121194 -0.720004 -0.59881
12561 2.66587 -2.6659 -2.60382e-05
12662 0.720005 -0.121196 0.598809
12963 0.121187 -0.720002 -0.598815
13064 0.720003 -0.121184 0.598819
13165 0.121175 -0.719991 -0.598816
13266 0.719998 -0.121176 0.598822
13367 0.121181 -0.719995 -0.598814
13468 0.720005 -0.121189 0.598817
13769 0.121207 -0.720002 -0.598796
14270 0.719998 -0.121232 0.598766
14371 0.121168 -0.719994 -0.598825
15072 0.720005 -0.121178 0.598827
15573 0.1212 -0.72001 -0.59881
15774 0.719999 -0.121169 0.59883
15875 0.121183 -0.720003 -0.59882
16076 0.720005 -0.121187 0.598819
16177 0.121199 -0.720005 -0.598805
16278 0.719996 -0.121197 0.598799
16479 0.121184 -0.720002 -0.598817
16780 0.719994 -0.121208 0.598786
17081 0.121184 -0.720001 -0.598817
17382 2.66587 -2.66588 -1.19055e-05
17483 0.719998 -0.121196 0.598803
17584 0.121192 -0.719997 -0.598805
17685 0.719986 -0.720004 -1.83675e-05
17786 0.719996 -0.121204 0.598792
17887 0.121189 -0.719995 -0.598806
17988 2.66588 -2.66587 9.8674e-06
18089 0.71999 -0.12118 0.59881
18190 0.121156 -0.720003 -0.598847
18291 0.720007 -0.121176 0.598831
18392 0.121179 -0.71999 -0.598812
18593 0.720003 -0.121192 0.598811
18694 0.61567 -0.0448872 0.570783
18795 0.548134 -0.0340742 0.51406
18896 0.0340709 -0.548135 -0.514064
18997 0.0448834 -0.615678 -0.570794
19198 0.121199 -0.720009 -0.59881
19299 0.720008 -0.121173 0.598835
19500 0.121159 -0.720011 -0.598852
20001 0.720005 -0.121184 0.598821
20102 0.121181 -0.719996 -0.598815
20603 0.720002 -0.121209 0.598794
21204 0.12117 -0.719994 -0.598825
21405 0.720007 -0.121218 0.598789
21506 0.615675 -0.0448876 0.570787
21607 0.0448876 -0.615672 -0.570784
21708 0.121165 -0.720001 -0.598836
21809 0.720001 -0.121175 0.598826
22010 0.121187 -0.719997 -0.59881
22311 0.720007 -0.121197 0.59881
22812 0.121186 -0.720002 -0.598816
22913 0.719997 -0.121176 0.598821
23114 0.121194 -0.720011 -0.598818
23815 0.719998 -0.121193 0.598805
24016 0.121204 -0.719999 -0.598795
24417 0.720003 -0.121189 0.598815
24518 0.121197 -0.720004 -0.598806
24919 0.720001 -0.12118 0.598821
25020 0.121199 -0.720004 -0.598804
25221 0.720005 -0.121203 0.598802
25922 0.121189 -0.720009 -0.59882
26023 0.720006 -0.121194 0.598812
26124 0.121161 -0.72 -0.598839
27225 0.719997 -0.121206 0.598791
27326 0.121194 -0.72 -0.598807
27427 0.719999 -0.121203 0.598796
27628 0.121217 -0.719987 -0.59877
27729 0.719979 -0.720004 -2.53229e-05
28030 0.720002 -0.121186 0.598816
28131 0.121177 -0.720004 -0.598827
28432 0.719996 -0.720001 -5.03506e-06
28733 0.720003 -0.121193 0.59881
28934 0.12121 -0.720014 -0.598804
29035 0.72 -0.121198 0.598802
29236 0.121194 -0.720004 -0.598811
29637 0.719996 -0.121198 0.598797
29738 0.121171 -0.719996 -0.598825
30339 0.719997 -0.1212 0.598797
30440 0.121167 -0.720004 -0.598836
31441 0.720003 -0.121186 0.598818
31642 0.121207 -0.720005 -0.598798
31743 0.720002 -0.121202 0.598799
32144 0.121188 -0.719992 -0.598805
32545 3.16769 -2.56889 0.598804
32746 0.121181 -0.719989 -0.598808
33147 0.720002 -0.121177 0.598825
33248 0.121193 -0.719998 -0.598806
33449 2.66588 -2.66589 -3.67553e-06
33750 0.719995 -0.121185 0.59881
33851 0.12118 -0.719996 -0.598816
34052 0.720001 -0.12117 0.598831
34153 0.121197 -0.719995 -0.598798
34354 0.720003 -0.121203 0.5988
34455 0.121199 -0.720002 -0.598803
34956 0.719994 -0.121181 0.598813
35057 0.121185 -0.72 -0.598814
35358 0.720006 -0.121185 0.598821
35559 0.121171 -0.720008 -0.598837
35660 0.720003 -0.12121 0.598793
35761 0.121185 -0.719991 -0.598806
35962 5.10415 -0.000605842 5.10355
36063 0.00060891 -5.10418 -5.10357
36264 0.72 -0.121219 0.598781
36365 0.121196 -0.72 -0.598804
36966 0.720009 -0.121197 0.598812
37267 0.121182 -0.719997 -0.598815
38368 0.720001 -0.121206 0.598795
38869 0.121184 -0.719998 -0.598814
38970 0.720003 -0.121176 0.598827
39171 0.615672 -0.0448848 0.570787
39372 0.0448862 -0.615692 -0.570806
39573 0.12119 -0.720012 -0.598821
39874 0.720005 -0.121203 0.598802
39975 0.121178 -0.720003 -0.598825
40076 0.720003 -0.121186 0.598816
40377 0.121213 -0.720002 -0.598789
40478 0.720006 -0.121197 0.598809
40679 0.121179 -0.720001 -0.598822
40980 2.66588 -2.66587 8.11838e-06
41081 0.719999 -0.121184 0.598814
41182 0.121197 -0.720006 -0.598809
41683 0.720005 -0.121187 0.598818
41784 0.121189 -0.719996 -0.598807
41985 0.720004 -0.121163 0.598841
42086 0.121214 -0.719996 -0.598781
42287 0.720005 -0.121188 0.598817
42488 0.121179 -0.719999 -0.598819
42789 2.66589 -2.66587 1.66284e-05
43090 0.720003 -0.121175 0.598828
43291 0.121172 -0.719992 -0.59882
43392 0.719997 -0.121209 0.598787
43593 0.121191 -0.720005 -0.598814
43794 0.719995 -0.121185 0.59881
43895 0.121184 -0.719999 -0.598815
43996 0.719998 -0.12118 0.598818
44197 0.121185 -0.720002 -0.598817
44498 0.720004 -0.121197 0.598807
44599 0.121184 -0.720001 -0.598817
44900 0.720002 -0.121173 0.598829
45201 0.121197 -0.72 -0.598803
45302 0.719996 -0.121174 0.598822
45703 0.121181 -0.720003 -0.598823
46104 0.720001 -0.121196 0.598805
46305 0.121191 -0.719999 -0.598808
46406 0.720006 -0.121196 0.59881
46607 0.615693 -0.0448797 0.570813
46708 0.0448834 -0.615675 -0.570792
46809 0.121188 -0.720013 -0.598825
46910 0.719998 -0.121185 0.598813
47111 0.121187 -0.72 -0.598812
47212 0.72001 -0.121181 0.598829
47313 0.121182 -0.719996 -0.598814
47614 0.720004 -0.121199 0.598806
47715 0.121194 -0.719993 -0.598799
47816 0.720004 -0.121208 0.598796
47917 0.121201 -0.720002 -0.5988
48118 0.719994 -0.121208 0.598786
48219 0.121197 -0.719999 -0.598802
48320 2.66589 -2.66589 9.18162e-07
48521 0.719997 -0.121198 0.598799
48722 0.121182 -0.719997 -0.598814
49323 0.720006 -0.121192 0.598813
49624 0.121197 -0.72 -0.598804
49825 0.719996 -0.121191 0.598805
50026 0.615669 -0.0448839 0.570785
50627 0.0448789 -0.615671 -0.570792
50728 4.71352 -5.31231 -0.598783
50829 0.720005 -0.121198 0.598807
51130 0.121199 -0.720003 -0.598804
51231 0.719998 -0.121187 0.598811
51332 0.121195 -0.720003 -0.598808
51733 0.720003 -0.121196 0.598807
51834 0.121168 -0.720002 -0.598834
52535 0.719998 -0.121198 0.598799
52736 0.121204 -0.720001 -0.598797
54037 0.720001 -0.71999 1.18124e-05
54238 3.16772 -2.56887 0.598849
54639 0.121187 -0.720003 -0.598816
55040 0.720008 -0.121195 0.598814
55241 0.121186 -0.719991 -0.598804
55342 0.720004 -0.121176 0.598828
55443 0.615665 -0.0448843 0.570781
55744 0.0448853 -0.615686 -0.5708
55945 0.121198 -0.719998 -0.5988
56046 0.720002 -0.12122 0.598782
56147 0.121188 -0.720011 -0.598823
56348 0.720004 -0.121175 0.598829
56649 0.12119 -0.720004 -0.598814
56850 0.719997 -0.121194 0.598803
57051 0.121175 -0.719996 -0.598821
57252 5.48297 -0.0102372 5.47273
57353 0.0102292 -5.48299 -5.47276
57554 0.720005 -0.121184 0.598821
57655 0.121183 -0.720002 -0.598819
57756 0.719997 -0.121164 0.598833
57957 0.121195 -0.720005 -0.59881
58058 0.719991 -0.121195 0.598796
58159 0.121191 -0.72 -0.598809
58260 0.720005 -0.121201 0.598805
58561 0.121179 -0.720005 -0.598826
58662 0.720003 -0.121193 0.59881
58763 0.121206 -0.719997 -0.598791
58864 0.720003 -0.121197 0.598806
59065 0.121166 -0.720002 -0.598836
59366 0.720002 -0.121185 0.598817
59567 0.121194 -0.719998 -0.598804
59868 0.720004 -0.121202 0.598802
60169 0.121187 -0.719996 -0.598809
60270 0.719997 -0.121175 0.598822
60371 0.12117 -0.719996 -0.598826
60672 0.719996 -0.121179 0.598818
60773 0.12121 -0.72 -0.59879
60974 0.72 -0.121205 0.598794
61275 0.121164 -0.720006 -0.598841
61376 0.72 -0.12117 0.59883
61477 0.121175 -0.72 -0.598826
61678 0.72 -0.121166 0.598833
61879 0.121175 -0.72 -0.598824
61980 0.720001 -0.121196 0.598806
62081 0.121188 -0.720011 -0.598823
62282 0.719998 -0.12119 0.598807
62383 0.121189 -0.719992 -0.598803
62684 0.720003 -0.121181 0.598822
62785 0.121175 -0.72001 -0.598835
63186 5.50354 -5.50355 -1.16101e-05
63287 0.720003 -0.121184 0.598819
63388 0.121183 -0.719996 -0.598813
63489 0.720003 -0.121169 0.598834
63590 0.121201 -0.720002 -0.598801
63791 0.720004 -0.12117 0.598834
63892 0.12117 -0.720001 -0.598831
63993 0.720002 -0.121196 0.598805
64094 0.12119 -0.720006 -0.598816
64595 0.72001 -0.121209 0.598802
64896 0.121197 -0.719998 -0.598801
65197 0.719995 -0.121178 0.598817
65498 0.121203 -0.72 -0.598797
65599 0.719994 -0.121202 0.598792
65800 0.121204 -0.720007 -0.598803
66001 0.719999 -0.121207 0.598791
66102 0.121189 -0.719997 -0.598808
66403 0.720009 -0.12119 0.598818
66504 0.121171 -0.719998 -0.598827
66605 0.719996 -0.121189 0.598807
66706 0.1212 -0.720006 -0.598806
66807 0.720004 -0.121188 0.598816
67108 0.121194 -0.720005 -0.598812
67509 0.720003 -0.121177 0.598827
67610 0.121184 -0.719998 -0.598814
67711 0.720001 -0.121191 0.59881
67912 0.121169 -0.720009 -0.59884
68013 0.720003 -0.121193 0.59881
68114 0.121183 -0.719997 -0.598814
68215 0.720006 -0.121212 0.598794
68316 0.121196 -0.720007 -0.598811
68717 0.72 -0.121191 0.598809
68918 0.615676 -0.0448851 0.570791
69019 0.0448845 -0.615677 -0.570792
69120 0.12118 -0.720001 -0.598821
69421 0.720002 -0.121197 0.598805
69622 0.1212 -0.72 -0.5988
69823 0.719996 -0.121181 0.598815
70124 0.121175 -0.719994 -0.598819
70225 0.72 -0.121206 0.598794
70326 0.121189 -0.720004 -0.598815
70727 0.720001 -0.121189 0.598812
70828 0.12118 -0.719999 -0.598819
70929 0.720001 -0.121173 0.598827
71130 0.121191 -0.720006 -0.598814
71331 0.719997 -0.720003 -5.3617e-06
71532 0.72001 -0.121162 0.598848
71633 0.121201 -0.719994 -0.598792
71734 0.719996 -0.121182 0.598813
71835 0.121192 -0.719993 -0.598802
71936 0.720002 -0.121191 0.598812
72037 0.121183 -0.719983 -0.5988
72138 0.719999 -0.121209 0.59879
72239 0.121215 -0.720004 -0.59879
72440 0.72 -0.121189 0.598811
72541 0.121167 -0.719999 -0.598832
72742 0.720002 -0.121176 0.598826
72843 0.12119 -0.720007 -0.598818
73344 0.719998 -0.121185 0.598813
73445 0.1212 -0.719992 -0.598791
74146 0.720005 -0.121187 0.598818
74247 0.121186 -0.719996 -0.59881
74748 0.719994 -0.121193 0.598801
74849 0.121187 -0.719993 -0.598806
74950 0.719995 -0.12119 0.598805
75051 0.121175 -0.719998 -0.598822
75252 0.720008 -0.12117 0.598838
75353 0.121188 -0.720005 -0.598816
75554 0.719998 -0.121209 0.598789
75955 0.121196 -0.720006 -0.598811
76156 0.719994 -0.121193 0.598801
76257 0.121184 -0.719999 -0.598815
76458 0.720003 -0.121172 0.59883
76559 0.121203 -0.720008 -0.598805
76760 0.720009 -0.121188 0.598821
76861 0.121191 -0.720004 -0.598813
76962 0.720004 -0.121178 0.598826
77063 0.121198 -0.719997 -0.598799
77164 0.72 -0.121161 0.598839
77265 0.121205 -0.719998 -0.598794
77466 0.719997 -0.121198 0.598799
77667 0.121192 -0.719999 -0.598807
77768 0.719997 -0.121184 0.598813
78169 0.1212 -0.719999 -0.598799
78270 3.16772 -2.56894 0.598788
78371 0.121193 -0.719995 -0.598802
78472 3.14351 -2.54472 0.598787
78573 0.121171 -0.720001 -0.59883
78674 0.719994 -0.121195 0.598799
78775 0.1212 -0.719993 -0.598793
79076 0.720003 -0.121201 0.598802
79277 0.121176 -0.719999 -0.598823
79378 0.72 -0.121185 0.598815
79479 0.121173 -0.720004 -0.598831
79780 0.720007 -0.121217 0.598791
79881 0.12121 -0.720004 -0.598794
79982 0.720011 -0.121185 0.598826
80083 0.121184 -0.720001 -0.598818
80384 0.719997 -0.121185 0.598812
80685 0.121184 -0.719998 -0.598814
80886 0.719998 -0.121179 0.598819
81087 0.121203 -0.720013 -0.59881
81188 0.719998 -0.121202 0.598796
81289 0.121206 -0.719997 -0.598791
82390 0.719992 -0.121179 0.598813
82691 0.121184 -0.719999 -0.598815
82792 0.719999 -0.121199 0.5988
82893 0.121188 -0.719997 -0.598809
82994 0.720001 -0.121191 0.59881
83095 0.121204 -0.719998 -0.598795
83196 0.719993 -0.121205 0.598788
83297 0.121182 -0.719998 -0.598817
83698 0.719992 -0.121194 0.598798
83799 0.12116 -0.719998 -0.598839
84000 0.719998 -0.12118 0.598817
84101 0.121212 -0.720005 -0.598793
84302 0.72 -0.121201 0.598799
84403 0.121191 -0.720004 -0.598813
84504 0.719999 -0.121195 0.598803
84605 0.121179 -0.720004 -0.598825
84706 0.720005 -0.121204 0.5988
84907 0.121193 -0.72 -0.598807
85008 0.720003 -0.121195 0.598808
85409 0.121198 -0.720001 -0.598803
85510 0.719995 -0.121182 0.598813
85611 0.121176 -0.719997 -0.59882
85712 0.720002 -0.121192 0.59881
85813 0.121171 -0.72001 -0.598839
86114 0.720007 -0.121199 0.598808
86215 0.121192 -0.720007 -0.598815
86316 0.720002 -0.121184 0.598817
86417 0.121182 -0.719998 -0.598816
86718 0.720005 -0.12121 0.598795
86819 0.121185 -0.719995 -0.59881
87020 0.720006 -0.121206 0.598801
87421 0.121198 -0.720006 -0.598808
87622 0.720006 -0.121192 0.598814
87723 0.121184 -0.720001 -0.598817
88024 0.719995 -0.121209 0.598786
88225 0.121207 -0.719997 -0.59879
88326 0.719988 -0.720002 -1.44434e-05
88427 0.719997 -0.121193 0.598804
88528 0.615673 -0.0448868 0.570787
88729 0.0448877 -0.61568 -0.570793
88930 0.121175 -0.720005 -0.59883
89331 0.720003 -0.121197 0.598806
89832 0.121179 -0.71999 -0.598811
89933 0.720004 -0.121186 0.598818
90234 0.121175 -0.719995 -0.59882
90635 0.720006 -0.121219 0.598787
90836 0.615667 -0.0448859 0.570781
91137 0.0448836 -0.615668 -0.570785
91238 0.121197 -0.720002 -0.598806
91639 0.720005 -0.121197 0.598808
91740 0.121192 -0.720001 -0.59881
91941 0.719998 -0.121174 0.598824
92042 0.12118 -0.720001 -0.598821
92143 0.720001 -0.121188 0.598813
92244 0.121167 -0.720005 -0.598838
92645 0.720003 -0.121172 0.598831
92746 0.121178 -0.720002 -0.598824
92847 0.720012 -0.720007 4.94574e-06
92948 0.72 -0.121187 0.598813
93049 0.615676 -0.0448827 0.570793
93150 0.0448812 -0.61567 -0.570788
93251 0.121189 -0.720006 -0.598817
93752 0.720009 -0.121174 0.598835
93853 0.121198 -0.719996 -0.598799
94454 0.719997 -0.121183 0.598814
94555 0.121196 -0.719997 -0.598801
94956 0.72 -0.121208 0.598792
95057 0.121185 -0.72 -0.598816
95258 0.720002 -0.121205 0.598797
95559 0.121174 -0.719992 -0.598818
95660 0.72 -0.121196 0.598804
95761 0.61569 -0.0448837 0.570806
96362 0.0448849 -0.61567 -0.570785
96463 0.121181 -0.720001 -0.59882
96564 0.720006 -0.121188 0.598818
96765 0.121195 -0.720001 -0.598805
96866 0.719996 -0.121195 0.598801
96967 0.121177 -0.72 -0.598823
97368 0.720006 -0.121177 0.598829
97569 0.121182 -0.719987 -0.598805
97670 0.720009 -0.121184 0.598825
97771 0.121193 -0.720004 -0.598811
97872 0.720006 -0.121179 0.598827
97973 0.121207 -0.72 -0.598793
98174 0.719997 -0.121209 0.598788
98275 0.121219 -0.720004 -0.598786
98576 0.719999 -0.121177 0.598822
98977 0.121203 -0.719999 -0.598796
99278 0.720001 -0.121179 0.598821
99379 0.121208 -0.720005 -0.598797
99880 0.72 -0.121187 0.598813
99981 0.121186 -0.719999 -0.598813
100082 0.720007 -0.121173 0.598834
100183 0.121201 -0.719995 -0.598794
